0.02 0.98 0 
0.04 1.96 0 
0.06 2.94 0 
0.08 3.92 0 
0.09999999 4.9 0 
0.12 5.88 0 
0.14 6.86 0 
0.16 7.84 0 
0.18 8.82 0 
0.2 9.8 0 
0.22 10.78 0 
0.24 11.76 0 
0.26 12.74 0 
0.28 13.72 0 
0.3 14.7 0 
0.32 15.68 0 
0.34 16.66 0 
0.36 17.64 0 
0.38 17.64 0 
0.4 17.63997 0.1 
0.42 17.63989 0.2 
0.4400001 17.63976 0.3 
0.4600001 17.63957 0.4 
0.4800001 17.63933 0.5 
0.5000001 17.63903 0.6 
0.52 17.63869 0.7 
0.54 17.63828 0.8000001 
0.56 17.63783 0.9000001 
0.58 17.63731 1 
0.6 17.63675 1.1 
0.6199999 17.63675 1.1 
0.6399999 17.63675 1.1 
0.6599999 17.63675 1.1 
0.6799999 17.63675 1.1 
0.6999999 17.63675 1.1 
0.7199998 17.63675 1.1 
0.7399998 17.63675 1.1 
0.7599998 17.63675 1.1 
0.7799998 17.63675 1.1 
0.7999998 17.63675 1.1 
0.8199998 17.63675 1.1 
0.8399997 17.63675 1.1 
0.8599997 17.63675 1.1 
0.8799997 17.63675 1.1 
0.8999997 17.63675 1.1 
0.9199997 17.63675 1.1 
0.9399996 17.63675 1.1 
0.9599996 17.63675 1.1 
0.9799996 17.63675 1.1 
0.9999996 17.63675 1.1 
1.02 17.63675 1.1 
1.04 17.63675 1.1 
1.06 17.63675 1.1 
1.08 17.63675 1.1 
1.1 17.63675 1.1 
1.12 17.63675 1.1 
1.14 17.63675 1.1 
1.159999 17.63675 1.1 
1.179999 17.63675 1.1 
1.199999 17.63675 1.1 
1.219999 17.63675 1.1 
1.239999 0 1.1 
1.259999 0 1.1 
1.279999 0 1.1 
1.299999 0 1.1 
1.319999 0 1.1 
1.339999 0 1.1 
1.359999 0 1.1 
1.379999 0 1.1 
1.399999 0 1.1 
1.419999 0 1.1 
1.439999 0 1.1 
1.459999 0 1.1 
1.479999 0 1.1 
1.499999 0 1.1 
1.519999 0 1.1 
1.539999 0 1.1 
1.559999 0 1.1 
1.579999 0 1.1 
1.599999 0 1.1 
1.619999 0 1.1 
1.639999 0 1.1 
1.659999 0 1.1 
1.679999 0 1.1 
1.699999 0 1.1 
1.719999 0 1.1 
1.739999 0 1.1 
1.759999 0 1.1 
1.779999 0 1.1 
1.799999 0 1.1 
1.819999 0 1.1 
1.839999 0 1.1 
1.859999 0 1.1 
1.879999 0 1.1 
1.899999 0.009798193 1.1 
1.919999 0.01959639 1.1 
1.939999 0.02939458 1.1 
1.959999 0.03919277 1.1 
1.979999 0.04899096 1.1 
1.999999 0.05878916 1.1 
2.019999 0.06858735 1.1 
2.039999 0.07838554 1.1 
2.059999 0.08818374 1.1 
2.079999 0.09798192 1.1 
2.099999 0.1077801 1.1 
2.119999 0.1175783 1.1 
2.139999 0.1273765 1.1 
2.159999 0.1371747 1.1 
2.179999 0.1469729 1.1 
2.199999 0.1567711 1.1 
2.219999 0.1567711 1.1 
2.239999 0.1567711 1.1 
2.259999 0.1567711 1.1 
2.279999 0.1567711 1.1 
2.299999 0.1567711 1.1 
2.319999 0.1567711 1.1 
2.339998 0.1567711 1.1 
2.359998 0.1567711 1.1 
2.379998 0.1567711 1.1 
2.399998 0.1567711 1.1 
2.419998 0.1567711 1.1 
2.439998 0.1567711 1.1 
2.459998 0.1567711 1.1 
2.479998 0.1567711 1.1 
2.499998 0.1567711 1.1 
2.519998 0.1567711 1.1 
2.539998 0.1567711 1.1 
2.559998 0.1567711 1.1 
2.579998 0.1567711 1.1 
2.599998 0.1567711 1.1 
2.619998 0.1567711 1.1 
2.639998 0.1567711 1.1 
2.659998 0.1567711 1.1 
2.679998 0.1567711 1.1 
2.699998 0.1567711 1.1 
2.719998 0.1567711 1.1 
2.739998 0.1567711 1.1 
2.759998 0.1567711 1.1 
2.779998 0.1567711 1.1 
2.799998 0.1567711 1.1 
2.819998 0.1567711 1.1 
2.839998 0.1567711 1.1 
2.859998 0.1567711 1.1 
2.879998 0.1567711 1.1 
2.899998 0.1567711 1.1 
2.919998 0.1567711 1.1 
2.939998 0.1567711 1.1 
2.959998 0.1567711 1.1 
2.979998 0.1567711 1.1 
2.999998 0.1567711 1.1 
3.019998 0.1567711 1.1 
3.039998 0.1567711 1.1 
3.059998 0.1567711 1.1 
3.079998 0.1567711 1.1 
3.099998 0.1567711 1.1 
3.119998 0.1567711 1.1 
3.139998 0.1567711 1.1 
3.159998 0.1567711 1.1 
3.179998 0.1567711 1.1 
3.199998 0.1567711 1.1 
3.219998 0.1567711 1.1 
3.239998 0.1567711 1.1 
3.259998 0.1567711 1.1 
3.279998 0.1567711 1.1 
3.299998 0.1567711 1.1 
3.319998 0.1665693 1.1 
3.339998 0.1763675 1.1 
3.359998 0.1861657 1.1 
3.379997 0.1959639 1.1 
3.399997 0.2057621 1.1 
3.419997 0.2155603 1.1 
3.439997 0.2253585 1.1 
3.459997 0.2351567 1.1 
3.479997 0.2351567 1.1 
3.499997 0.2351567 1.1 
3.519997 0.2351567 1.1 
3.539997 0.2351567 1.1 
3.559997 0.2351567 1.1 
3.579997 0.2351567 1.1 
3.599997 0.2351567 1.1 
3.619997 0.2351567 1.1 
3.639997 0.2351567 1.1 
3.659997 0.2351567 1.1 
3.679997 0.2351567 1.1 
3.699997 0.2351567 1.1 
3.719997 0.2351567 1.1 
3.739997 0.2351567 1.1 
3.759997 0.2351567 1.1 
3.779997 0.2351567 1.1 
3.799997 0.2351567 1.1 
3.819997 0.2449549 1.1 
3.839997 0.2547531 1.1 
3.859997 0.2645513 1.1 
3.879997 0.2743494 1.1 
3.899997 0.2841476 1.1 
3.919997 0.2939458 1.1 
3.939997 0.303744 1.1 
3.959997 0.3135422 1.1 
3.979997 0.3233404 1.1 
3.999997 0.3331385 1.1 
4.019997 0.3429368 1.1 
4.039997 0.3429368 1.1 
4.059997 0.3429368 1.1 
4.079997 0.3429368 1.1 
4.099997 0.3429368 1.1 
4.119997 0.3429368 1.1 
4.139997 0.3429368 1.1 
4.159997 0.3429368 1.1 
4.179997 0.3429368 1.1 
4.199997 0.3429368 1.1 
4.219997 0.3429368 1.1 
4.239997 0.3429368 1.1 
4.259997 0.3429368 1.1 
4.279997 0.3429368 1.1 
4.299997 0.3429368 1.1 
4.319997 0.3429368 1.1 
4.339997 0.3429368 1.1 
4.359997 0.3429368 1.1 
4.379997 0.3429368 1.1 
4.399997 0.3429247 1.2 
4.419997 0.3429117 1.3 
4.439997 0.3428975 1.4 
4.459997 0.3428824 1.5 
4.479997 0.3428662 1.6 
4.499997 0.342849 1.7 
4.519997 0.3428307 1.8 
4.539997 0.3428113 1.9 
4.559997 0.342791 2 
4.579997 0.3427696 2.1 
4.599997 0.3427471 2.2 
4.619997 0.3427471 2.2 
4.639997 0.3427471 2.2 
4.659997 0.3427471 2.2 
4.679996 0.3427471 2.2 
4.699996 0.3427471 2.2 
4.719996 0.3427471 2.2 
4.739996 0.3427471 2.2 
4.759996 0.3427471 2.2 
4.779996 0.3427471 2.2 
4.799996 0.3427471 2.2 
4.819996 0.3427471 2.2 
4.839996 0.3427471 2.2 
4.859996 0.3427471 2.2 
4.879996 0.3427471 2.2 
4.899996 0.3427471 2.2 
4.919996 0.3427471 2.2 
4.939996 0.3427471 2.2 
4.959996 0.3427471 2.2 
4.979996 0.3427471 2.2 
4.999996 0.3427471 2.2 
5.019996 0.3427471 2.2 
5.039996 0.3427471 2.2 
5.059996 0.3427471 2.2 
5.079996 0.3427471 2.2 
5.099996 0.3427471 2.2 
5.119996 0.3427471 2.2 
5.139996 0.3427471 2.2 
5.159996 0.3427471 2.2 
5.179996 0.3427471 2.2 
5.199996 0.3427471 2.2 
5.219996 0.3427471 2.2 
5.239996 0.3427471 2.2 
5.259996 0.3427471 2.2 
5.279996 0.3427471 2.2 
5.299996 0.3427471 2.2 
5.319996 0.3427471 2.2 
5.339996 0.3427471 2.2 
5.359996 0.3427471 2.2 
5.379996 0.3427471 2.2 
5.399996 0.3427471 2.2 
5.419996 0.3427471 2.2 
5.439996 0.3427471 2.2 
5.459996 0.3427471 2.2 
5.479996 0.3427471 2.2 
5.499996 0.3427471 2.2 
5.519996 0.3427471 2.2 
5.539996 0.3427471 2.2 
5.559996 0.3427471 2.2 
5.579996 0.3427471 2.2 
5.599996 0.3427471 2.2 
5.619996 0.3427471 2.2 
5.639996 0.3427471 2.2 
5.659996 0.3427471 2.2 
5.679996 0.3427471 2.2 
5.699996 0.3427471 2.2 
5.719995 0.3427471 2.2 
5.739995 0.3427471 2.2 
5.759995 0.3427471 2.2 
5.779995 0.3525399 2.2 
5.799995 0.3623326 2.2 
5.819995 0.3721254 2.2 
5.839995 0.3819182 2.2 
5.859995 0.3917109 2.2 
5.879995 0.4015037 2.2 
5.899995 0.4112965 2.2 
5.919995 0.4210892 2.2 
5.939995 0.4210892 2.2 
5.959995 0.4210892 2.2 
5.979995 0.4210892 2.2 
5.999995 0.4210892 2.2 
6.019995 0.4210892 2.2 
6.039995 0.4210892 2.2 
6.059995 0.4210892 2.2 
6.079995 0.4210892 2.2 
6.099995 0.4210892 2.2 
6.119995 0.4210892 2.2 
6.139995 0.4210892 2.2 
6.159995 0.4210892 2.2 
6.179995 0.4210892 2.2 
6.199995 0.4210892 2.2 
6.219995 0.4210892 2.2 
6.239995 0.4210892 2.2 
6.259995 0.4210892 2.2 
6.279995 0.4210892 2.2 
6.299995 0.4210892 2.2 
6.319995 0.4210892 2.2 
6.339995 0.4210892 2.2 
6.359995 0.4210892 2.2 
6.379995 0.4210892 2.2 
6.399995 0.4210892 2.2 
6.419995 0.4210892 2.2 
6.439995 0.4210892 2.2 
6.459995 0.4210892 2.2 
6.479995 0.4210892 2.2 
6.499995 0.4210892 2.2 
6.519995 0.4210892 2.2 
6.539995 0.4210892 2.2 
6.559995 0.4210892 2.2 
6.579995 0.4210892 2.2 
6.599995 0.4210892 2.2 
6.619995 0.4210892 2.2 
6.639995 0.430882 2.2 
6.659995 0.4406748 2.2 
6.679995 0.4504675 2.2 
6.699995 0.4602603 2.2 
6.719995 0.4700531 2.2 
6.739995 0.4798458 2.2 
6.759995 0.4896386 2.2 
6.779994 0.4994314 2.2 
6.799994 0.5092242 2.2 
6.819994 0.5190169 2.2 
6.839994 0.5288097 2.2 
6.859994 0.5386025 2.2 
6.879994 0.5483952 2.2 
6.899994 0.558188 2.2 
6.919994 0.5679808 2.2 
6.939994 0.5679808 2.2 
6.959994 0.5679808 2.2 
6.979994 0.5679808 2.2 
6.999994 0.5679808 2.2 
7.019994 0.5679808 2.2 
7.039994 0.5679808 2.2 
7.059994 0.5679808 2.2 
7.079994 0.5679808 2.2 
7.099994 0.5679808 2.2 
7.119994 0.5679808 2.2 
7.139994 0.5679808 2.2 
7.159994 0.5679808 2.2 
7.179994 0.5679808 2.2 
7.199994 0.5679808 2.2 
7.219994 0.5679808 2.2 
7.239994 0.5679808 2.2 
7.259994 0.5679808 2.2 
7.279994 0.5679808 2.2 
7.299994 0.5679808 2.2 
7.319994 0.5679808 2.2 
7.339994 0.5679808 2.2 
7.359994 0.5679808 2.2 
7.379994 0.5679808 2.2 
7.399994 0.5679808 2.2 
7.419994 0.5679808 2.2 
7.439994 0.5679808 2.2 
7.459994 0.5679808 2.2 
7.479994 0.5777735 2.2 
7.499994 0.5875663 2.2 
7.519994 0.5973591 2.2 
7.539994 0.6071518 2.2 
7.559994 0.6169446 2.2 
7.579994 0.6267374 2.2 
7.599994 0.6365301 2.2 
7.619994 0.6463229 2.2 
7.639994 0.6561157 2.2 
7.659994 0.6659084 2.2 
7.679994 0.6757012 2.2 
7.699994 0.6854939 2.2 
7.719994 0.6952868 2.2 
7.739994 0.7050796 2.2 
7.759994 0.7148723 2.2 
7.779994 0.724665 2.2 
7.799994 0.7344579 2.2 
7.819993 0.7442506 2.2 
7.839993 0.7442506 2.2 
7.859993 0.7442506 2.2 
7.879993 0.7442506 2.2 
7.899993 0.7442506 2.2 
7.919993 0.7442506 2.2 
7.939993 0.7442506 2.2 
7.959993 0.7442506 2.2 
7.979993 0.7442506 2.2 
7.999993 0.7442506 2.2 
8.019994 0.7442506 2.2 
8.039994 0.7442506 2.2 
8.059995 0.7442506 2.2 
8.079995 0.7442506 2.2 
8.099996 0.7442506 2.2 
8.119996 0.7442506 2.2 
8.139997 0.7442506 2.2 
8.159997 0.7442506 2.2 
8.179997 0.7442506 2.2 
8.199998 0.7442506 2.2 
8.219998 0.7442506 2.2 
8.239999 0.7442506 2.2 
8.259999 0.7442506 2.2 
8.28 0.7442506 2.2 
8.3 0.7442506 2.2 
8.320001 0.7442506 2.2 
8.340001 0.7442506 2.2 
8.360002 0.7442506 2.2 
8.380002 0.7442506 2.2 
8.400002 0.7442506 2.2 
8.420003 0.7442506 2.2 
8.440003 0.7442506 2.2 
8.460004 0.7442506 2.2 
8.480004 0.7442506 2.2 
8.500005 0.7442506 2.2 
8.520005 0.7442506 2.2 
8.540006 0.7442506 2.2 
8.560006 0.7442506 2.2 
8.580007 0.7442506 2.2 
8.600007 0.7442506 2.2 
8.620008 0.7442506 2.2 
8.640008 0.7442506 2.2 
8.660008 0.7442506 2.2 
8.680009 0.7442506 2.2 
8.700009 0.7442506 2.2 
8.72001 0.7540433 2.2 
8.74001 0.7638361 2.2 
8.760011 0.7736289 2.2 
8.780011 0.7834216 2.2 
8.800012 0.7932144 2.2 
8.820012 0.8030072 2.2 
8.840013 0.8127999 2.2 
8.860013 0.8225927 2.2 
8.880013 0.8323855 2.2 
8.900014 0.8421782 2.2 
8.920014 0.851971 2.2 
8.940015 0.8617638 2.2 
8.960015 0.8715565 2.2 
8.980016 0.8813493 2.2 
9.000016 0.8911421 2.2 
9.020017 0.9009348 2.2 
9.040017 0.9107276 2.2 
9.060018 0.9107276 2.2 
9.080018 0.9107276 2.2 
9.100019 0.9107276 2.2 
9.120019 0.9107276 2.2 
9.140019 0.9107276 2.2 
9.16002 0.9107276 2.2 
9.18002 0.9107276 2.2 
9.200021 0.9107276 2.2 
9.220021 0.9107276 2.2 
9.240022 0.9107276 2.2 
9.260022 0.9107276 2.2 
9.280023 0.9107276 2.2 
9.300023 0.9107276 2.2 
9.320024 0.9107276 2.2 
9.340024 0.9107276 2.2 
9.360024 0.9107276 2.2 
9.380025 0.9107276 2.2 
9.400025 0.9107276 2.2 
9.420026 0.9107276 2.2 
9.440026 0.9107276 2.2 
9.460027 0.9107276 2.2 
9.480027 0.9107276 2.2 
9.500028 0.9107276 2.2 
9.520028 0.9107276 2.2 
9.540029 0.9107276 2.2 
9.560029 0.9107276 2.2 
9.580029 0.9107276 2.2 
9.60003 0.9107276 2.2 
9.62003 0.9107276 2.2 
9.640031 0.9107276 2.2 
9.660031 0.9107276 2.2 
9.680032 0.9107276 2.2 
9.700032 0.9107276 2.2 
9.720033 0.9106652 2.3 
9.740033 0.9105999 2.4 
9.760034 0.9105319 2.5 
9.780034 0.9104612 2.6 
9.800035 0.9103876 2.7 
9.820035 0.9103113 2.799999 
9.840035 0.9102322 2.899999 
9.860036 0.9101503 2.999999 
9.880036 0.9100657 3.099999 
9.900037 0.9099783 3.199999 
9.920037 0.9098881 3.299999 
9.940038 0.9097951 3.399999 
9.960038 0.9096994 3.499999 
9.980039 0.9096009 3.599999 
10.00004 0.9094996 3.699999 
10.02004 0.9093955 3.799999 
10.04004 0.9092888 3.899998 
10.06004 0.9091792 3.999998 
10.08004 0.9090668 4.099998 
10.10004 0.9089516 4.199998 
10.12004 0.9089516 4.199998 
10.14004 0.9089516 4.199998 
10.16004 0.9089516 4.199998 
10.18004 0.9089516 4.199998 
10.20004 0.9089516 4.199998 
10.22004 0.9089516 4.199998 
10.24004 0.9089516 4.199998 
10.26005 0.9089516 4.199998 
10.28005 0.9089516 4.199998 
10.30005 0.9089516 4.199998 
10.32005 0.9089516 4.199998 
10.34005 0.9089516 4.199998 
10.36005 0.9089516 4.199998 
10.38005 0.9089516 4.199998 
10.40005 0.9089516 4.199998 
10.42005 0.9089516 4.199998 
10.44005 0.9089516 4.199998 
10.46005 0.9089516 4.199998 
10.48005 0.9089516 4.199998 
10.50005 0.9089516 4.199998 
10.52005 0.9089516 4.199998 
10.54005 0.9089516 4.199998 
10.56005 0.9089516 4.199998 
10.58005 0.9089516 4.199998 
10.60005 0.9089516 4.199998 
10.62005 0.9089516 4.199998 
10.64005 0.9089516 4.199998 
10.66005 0.9089516 4.199998 
10.68005 0.9089516 4.199998 
10.70006 0.9089516 4.199998 
10.72006 0.9089516 4.199998 
10.74006 0.9089516 4.199998 
10.76006 0.9088338 4.299998 
10.78006 0.9087132 4.399998 
10.80006 0.9085897 4.499998 
10.82006 0.9084635 4.599998 
10.84006 0.9083346 4.699998 
10.86006 0.9082028 4.799998 
10.88006 0.9080683 4.899998 
10.90006 0.907931 4.999998 
10.92006 0.907791 5.099998 
10.94006 0.907791 5.099998 
10.96006 0.907791 5.099998 
10.98006 0.907791 5.099998 
11.00006 0.907791 5.099998 
11.02006 0.907791 5.099998 
11.04006 0.907791 5.099998 
11.06006 0.907791 5.099998 
11.08006 0.907791 5.099998 
11.10006 0.907791 5.099998 
11.12006 0.907791 5.099998 
11.14007 0.907791 5.099998 
11.16007 0.907791 5.099998 
11.18007 0.907791 5.099998 
11.20007 0.907791 5.099998 
11.22007 0.907791 5.099998 
11.24007 0.907791 5.099998 
11.26007 0.907791 5.099998 
11.28007 0.907791 5.099998 
11.30007 0.907791 5.099998 
11.32007 0.907791 5.099998 
11.34007 0.907791 5.099998 
11.36007 0.907791 5.099998 
11.38007 0.907791 5.099998 
11.40007 0.907791 5.099998 
11.42007 0.907791 5.099998 
11.44007 0.907791 5.099998 
11.46007 0.907791 5.099998 
11.48007 0.907791 5.099998 
11.50007 0.907791 5.099998 
11.52007 0.907791 5.099998 
11.54007 0.907791 5.099998 
11.56007 0.907791 5.099998 
11.58008 0.907791 5.099998 
11.60008 0.907791 5.099998 
11.62008 0.907791 5.099998 
11.64008 0.907791 5.099998 
11.66008 0.907791 5.099998 
11.68008 0.907791 5.099998 
11.70008 0.907791 5.099998 
11.72008 0.907791 5.099998 
11.74008 0.907791 5.099998 
11.76008 0.907791 5.099998 
11.78008 0.907791 5.099998 
11.80008 0.907791 5.099998 
11.82008 0.907791 5.099998 
11.84008 0.907791 5.099998 
11.86008 0.907791 5.099998 
11.88008 0.907791 5.099998 
11.90008 0.907791 5.099998 
11.92008 0.907791 5.099998 
11.94008 0.907791 5.099998 
11.96008 0.907791 5.099998 
11.98008 0.907791 5.099998 
12.00008 0.907791 5.099998 
12.02009 0.907791 5.099998 
12.04009 0.907791 5.099998 
12.06009 0.907791 5.099998 
12.08009 0.907791 5.099998 
12.10009 0.907791 5.099998 
12.12009 0.907791 5.099998 
12.14009 0.907791 5.099998 
12.16009 0.9076483 5.199997 
12.18009 0.9075027 5.299997 
12.20009 0.9073543 5.399997 
12.22009 0.9072033 5.499997 
12.24009 0.9070494 5.599997 
12.26009 0.9068927 5.699997 
12.28009 0.9067335 5.799997 
12.30009 0.9067335 5.799997 
12.32009 0.9067335 5.799997 
12.34009 0.9067335 5.799997 
12.36009 0.9067335 5.799997 
12.38009 0.9067335 5.799997 
12.40009 0.9067335 5.799997 
12.42009 0.9067335 5.799997 
12.44009 0.9067335 5.799997 
12.4601 0.9067335 5.799997 
12.4801 0.9067335 5.799997 
12.5001 0.9067335 5.799997 
12.5201 0.9067335 5.799997 
12.5401 0.9067335 5.799997 
12.5601 0.9067335 5.799997 
12.5801 0.9067335 5.799997 
12.6001 0.9067335 5.799997 
12.6201 0.9067335 5.799997 
12.6401 0.9067335 5.799997 
12.6601 0.9067335 5.799997 
12.6801 0.9067335 5.799997 
12.7001 0.9067335 5.799997 
12.7201 0.9067335 5.799997 
12.7401 0.9067335 5.799997 
12.7601 0.9067335 5.799997 
12.7801 0.9067335 5.799997 
12.8001 0.9067335 5.799997 
12.8201 0.9067335 5.799997 
12.8401 0.9067335 5.799997 
12.8601 0.9067335 5.799997 
12.88011 0.9067335 5.799997 
12.90011 0.9067335 5.799997 
12.92011 0.9067335 5.799997 
12.94011 0.9067335 5.799997 
12.96011 0.9067335 5.799997 
12.98011 0.9067335 5.799997 
13.00011 0.9067335 5.799997 
13.02011 0.9067335 5.799997 
13.04011 0.9067335 5.799997 
13.06011 0.9067335 5.799997 
13.08011 0.9067335 5.799997 
13.10011 0.9067335 5.799997 
13.12011 0.9067335 5.799997 
13.14011 0.9067335 5.799997 
13.16011 0.9067335 5.799997 
13.18011 0.9067335 5.799997 
13.20011 0.9067335 5.799997 
13.22011 0.9067335 5.799997 
13.24011 0.9067335 5.799997 
13.26011 0.9067335 5.799997 
13.28011 0.9067335 5.799997 
13.30011 0.9067335 5.799997 
13.32012 0.9067335 5.799997 
13.34012 0.9067335 5.799997 
13.36012 0.9067335 5.799997 
13.38012 0.9067335 5.799997 
13.40012 0.9067335 5.799997 
13.42012 0.9067335 5.799997 
13.44012 0.9067335 5.799997 
13.46012 0.9067335 5.799997 
13.48012 0.9067335 5.799997 
13.50012 0.9067335 5.799997 
13.52012 0.9067335 5.799997 
13.54012 0.9067335 5.799997 
13.56012 0.9067335 5.799997 
13.58012 0.9067335 5.799997 
13.60012 0.9067335 5.799997 
13.62012 0.9067335 5.799997 
13.64012 0.9067335 5.799997 
13.66012 0.9067335 5.799997 
13.68012 0.9067335 5.799997 
13.70012 0.9067335 5.799997 
13.72012 0.9067335 5.799997 
13.74012 0.9067335 5.799997 
13.76013 0.9067335 5.799997 
13.78013 0.9067335 5.799997 
13.80013 0.9067335 5.799997 
13.82013 0.9067335 5.799997 
13.84013 0.9067335 5.799997 
13.86013 0.9067335 5.799997 
13.88013 0.9067335 5.799997 
13.90013 0.9067335 5.799997 
13.92013 0.9067335 5.799997 
13.94013 0.9067335 5.799997 
13.96013 0.9067335 5.799997 
13.98013 0.9067335 5.799997 
14.00013 0.9067335 5.799997 
14.02013 0.9067335 5.799997 
14.04013 0.9067335 5.799997 
14.06013 0.9067335 5.799997 
14.08013 0.9067335 5.799997 
14.10013 0.9067335 5.799997 
14.12013 0.9067335 5.799997 
14.14013 0.9067335 5.799997 
14.16013 0.9067335 5.799997 
14.18013 0.9067335 5.799997 
14.20014 0.9067335 5.799997 
14.22014 0.9067335 5.799997 
14.24014 0.9067335 5.799997 
14.26014 0.9067335 5.799997 
14.28014 0.9067335 5.799997 
14.30014 0.9067335 5.799997 
14.32014 0.9067335 5.799997 
14.34014 0.9067335 5.799997 
14.36014 0.9067335 5.799997 
14.38014 0.9067335 5.799997 
14.40014 0.9067335 5.799997 
14.42014 0.9067335 5.799997 
14.44014 0.9065713 5.899997 
14.46014 0.9064063 5.999997 
14.48014 0.9062387 6.099997 
14.50014 0.9060683 6.199996 
14.52014 0.9058951 6.299996 
14.54014 0.9057192 6.399996 
14.56014 0.9055404 6.499996 
14.58014 0.905359 6.599996 
14.60014 0.905359 6.599996 
14.62014 0.905359 6.599996 
14.64015 0.905359 6.599996 
14.66015 0.905359 6.599996 
14.68015 0.905359 6.599996 
14.70015 0.905359 6.599996 
14.72015 0.905359 6.599996 
14.74015 0.905359 6.599996 
14.76015 0.905359 6.599996 
14.78015 0.905359 6.599996 
14.80015 0.905359 6.599996 
14.82015 0.905359 6.599996 
14.84015 0.905359 6.599996 
14.86015 0.905359 6.599996 
14.88015 0.905359 6.599996 
14.90015 0.905359 6.599996 
14.92015 0.905359 6.599996 
14.94015 0.905359 6.599996 
14.96015 0.905359 6.599996 
14.98015 0.905359 6.599996 
15.00015 0.905359 6.599996 
15.02015 0.905359 6.599996 
15.04015 0.905359 6.599996 
15.06015 0.905359 6.599996 
15.08016 0.905359 6.599996 
15.10016 0.905359 6.599996 
15.12016 0.905359 6.599996 
15.14016 0.905359 6.599996 
15.16016 0.905359 6.599996 
15.18016 0.905359 6.599996 
15.20016 0.905359 6.599996 
15.22016 0.905359 6.599996 
15.24016 0.905359 6.599996 
15.26016 0.905359 6.599996 
15.28016 0.905359 6.599996 
15.30016 0.905359 6.599996 
15.32016 0.905359 6.599996 
15.34016 0.905359 6.599996 
15.36016 0.905359 6.599996 
15.38016 0.905359 6.599996 
15.40016 0.905359 6.599996 
15.42016 0.905359 6.599996 
15.44016 0.905359 6.599996 
15.46016 0.905359 6.599996 
15.48016 0.905359 6.599996 
15.50016 0.905359 6.599996 
15.52017 0.905359 6.599996 
15.54017 0.905359 6.599996 
15.56017 0.905359 6.599996 
15.58017 0.905359 6.599996 
15.60017 0.905359 6.599996 
15.62017 0.905359 6.599996 
15.64017 0.905359 6.599996 
15.66017 0.905359 6.599996 
15.68017 0.905359 6.599996 
15.70017 0.905359 6.599996 
15.72017 0.905359 6.599996 
15.74017 0.905359 6.599996 
15.76017 0.905359 6.599996 
15.78017 0.905359 6.599996 
15.80017 0.905359 6.599996 
15.82017 0.905359 6.599996 
15.84017 0.905359 6.599996 
15.86017 0.905359 6.599996 
15.88017 0.905359 6.599996 
15.90017 0.905359 6.599996 
15.92017 0.905359 6.599996 
15.94018 0.905359 6.599996 
15.96018 0.905359 6.599996 
15.98018 0.905359 6.599996 
16.00018 0.905359 6.599996 
16.02018 0.905359 6.599996 
16.04018 0.905359 6.599996 
16.06018 0.905359 6.599996 
16.08018 0.905359 6.599996 
16.10018 0.905359 6.599996 
16.12018 0.905359 6.599996 
16.14018 0.905359 6.599996 
16.16018 0.905359 6.599996 
16.18018 0.905359 6.599996 
16.20018 0.905359 6.599996 
16.22018 0.905359 6.599996 
16.24018 0.905359 6.599996 
16.26018 0.905359 6.599996 
16.28018 0.905359 6.599996 
16.30018 0.905359 6.599996 
16.32018 0.905359 6.599996 
16.34018 0.905359 6.599996 
16.36018 0.905359 6.599996 
16.38018 0.905359 6.599996 
16.40018 0.905359 6.599996 
16.42019 0.905359 6.599996 
16.44019 0.905359 6.599996 
16.46019 0.905359 6.599996 
16.48019 0.905359 6.599996 
16.50019 0.905359 6.599996 
16.52019 0.905359 6.599996 
16.54019 0.905359 6.599996 
16.56019 0.905359 6.599996 
16.58019 0.905359 6.599996 
16.60019 0.905359 6.599996 
16.62019 0.905359 6.599996 
16.64019 0.905359 6.599996 
16.66019 0.905359 6.599996 
16.68019 0.905359 6.599996 
16.70019 0.905359 6.599996 
16.72019 0.905359 6.599996 
16.74019 0.905359 6.599996 
16.76019 0.905359 6.599996 
16.78019 0.905359 6.599996 
16.80019 0.905359 6.599996 
16.82019 0.905359 6.599996 
16.84019 0.905359 6.599996 
16.8602 0.905359 6.599996 
16.8802 0.905359 6.599996 
16.9002 0.905359 6.599996 
16.9202 0.905359 6.599996 
16.9402 0.905359 6.599996 
16.9602 0.905359 6.599996 
16.9802 0.905359 6.599996 
17.0002 0.905359 6.599996 
17.0202 0.905359 6.599996 
17.0402 0.905359 6.599996 
17.0602 0.905359 6.599996 
17.0802 0.905359 6.599996 
17.1002 0.905359 6.599996 
17.1202 0.905359 6.599996 
17.1402 0.905359 6.599996 
17.1602 0.905359 6.599996 
17.1802 0.905359 6.599996 
17.2002 0.905359 6.599996 
17.2202 0.905359 6.599996 
17.2402 0.905359 6.599996 
17.2602 0.905359 6.599996 
17.2802 0.905359 6.599996 
17.30021 0.905359 6.599996 
17.32021 0.905359 6.599996 
17.34021 0.905359 6.599996 
17.36021 0.905359 6.599996 
17.38021 0.905359 6.599996 
17.40021 0.905359 6.599996 
17.42021 0.905359 6.599996 
17.44021 0.905359 6.599996 
17.46021 0.905359 6.599996 
17.48021 0.905359 6.599996 
17.50021 0.905359 6.599996 
17.52021 0.905359 6.599996 
17.54021 0.905359 6.599996 
17.56021 0.905359 6.599996 
17.58021 0.905359 6.599996 
17.60021 0.905359 6.599996 
17.62021 0.905359 6.599996 
17.64021 0.905359 6.599996 
17.66021 0.905359 6.599996 
17.68021 0.905359 6.599996 
17.70021 0.905359 6.599996 
17.72021 0.905359 6.599996 
17.74022 0.905359 6.599996 
17.76022 0.905359 6.599996 
17.78022 0.905359 6.599996 
17.80022 0.905359 6.599996 
17.82022 0.905359 6.599996 
17.84022 0.905359 6.599996 
17.86022 0.905359 6.599996 
17.88022 0.905359 6.599996 
17.90022 0.905359 6.599996 
17.92022 0.905359 6.599996 
17.94022 0.905359 6.599996 
17.96022 0.905359 6.599996 
17.98022 0.905359 6.599996 
18.00022 0.905359 6.599996 
18.02022 0.9055404 6.499996 
18.04022 0.9057192 6.399996 
18.06022 0.9058951 6.299996 
18.08022 0.9060683 6.199996 
18.10022 0.9062387 6.099997 
18.12022 0.9064063 5.999997 
18.14022 0.9065713 5.899997 
18.16022 0.9067335 5.799997 
18.18023 0.9068927 5.699997 
18.20023 0.9070494 5.599997 
18.22023 0.9072033 5.499997 
18.24023 0.9073543 5.399997 
18.26023 0.9075027 5.299997 
18.28023 0.9076483 5.199997 
18.30023 0.907791 5.099998 
18.32023 0.907931 4.999998 
18.34023 0.9080683 4.899998 
18.36023 0.9082028 4.799998 
18.38023 0.9083346 4.699998 
18.40023 0.9084635 4.599998 
18.42023 0.9085897 4.499998 
18.44023 0.9087132 4.399998 
18.46023 0.9088338 4.299998 
18.48023 0.9089516 4.199998 
18.50023 0.9089516 4.199998 
18.52023 0.9089516 4.199998 
18.54023 0.9089516 4.199998 
18.56023 0.9089516 4.199998 
18.58023 0.9089516 4.199998 
18.60023 0.9089516 4.199998 
18.62024 0.9089516 4.199998 
18.64024 0.9089516 4.199998 
18.66024 0.9089516 4.199998 
18.68024 0.9089516 4.199998 
18.70024 0.9089516 4.199998 
18.72024 0.9089516 4.199998 
18.74024 0.9089516 4.199998 
18.76024 0.9089516 4.199998 
18.78024 0.9089516 4.199998 
18.80024 0.9089516 4.199998 
18.82024 0.9089516 4.199998 
18.84024 0.9089516 4.199998 
18.86024 0.9089516 4.199998 
18.88024 0.9089516 4.199998 
18.90024 0.9089516 4.199998 
18.92024 0.9089516 4.199998 
18.94024 0.9089516 4.199998 
18.96024 0.9089516 4.199998 
18.98024 0.9089516 4.199998 
19.00024 0.9089516 4.199998 
19.02024 0.9089516 4.199998 
19.04025 0.9089516 4.199998 
19.06025 0.9089516 4.199998 
19.08025 0.9089516 4.199998 
19.10025 0.9089516 4.199998 
19.12025 0.9089516 4.199998 
19.14025 0.9089516 4.199998 
19.16025 0.9089516 4.199998 
19.18025 0.9089516 4.199998 
19.20025 0.9089516 4.199998 
19.22025 0.9089516 4.199998 
19.24025 0.9089516 4.199998 
19.26025 0.9089516 4.199998 
19.28025 0.9089516 4.199998 
19.30025 0.9089516 4.199998 
19.32025 0.9089516 4.199998 
19.34025 0.9089516 4.199998 
19.36025 0.9089516 4.199998 
19.38025 0.9089516 4.199998 
19.40025 0.9089516 4.199998 
19.42025 0.9089516 4.199998 
19.44025 0.9089516 4.199998 
19.46025 0.9089516 4.199998 
19.48026 0.9089516 4.199998 
19.50026 0.9089516 4.199998 
19.52026 0.9089516 4.199998 
19.54026 0.9089516 4.199998 
19.56026 0.9089516 4.199998 
19.58026 0.9089516 4.199998 
19.60026 0.9089516 4.199998 
19.62026 0.9089516 4.199998 
19.64026 0.9089516 4.199998 
19.66026 0.9089516 4.199998 
19.68026 0.9089516 4.199998 
19.70026 0.9088338 4.299998 
19.72026 0.9087132 4.399998 
19.74026 0.9085897 4.499998 
19.76026 0.9084635 4.599998 
19.78026 0.9083346 4.699998 
19.80026 0.9082028 4.799998 
19.82026 0.9082028 4.799998 
19.84026 0.9082028 4.799998 
19.86026 0.9082028 4.799998 
19.88026 0.9082028 4.799998 
19.90026 0.9082028 4.799998 
19.92027 0.9082028 4.799998 
19.94027 0.9082028 4.799998 
19.96027 0.9082028 4.799998 
19.98027 0.9082028 4.799998 
20.00027 0.9082028 4.799998 
20.02027 0.9082028 4.799998 
20.04027 0.9082028 4.799998 
20.06027 0.9082028 4.799998 
20.08027 0.9082028 4.799998 
20.10027 0.9082028 4.799998 
20.12027 0.9082028 4.799998 
20.14027 0.9082028 4.799998 
20.16027 0.9082028 4.799998 
20.18027 0.9082028 4.799998 
20.20027 0.9082028 4.799998 
20.22027 0.9082028 4.799998 
20.24027 0.9082028 4.799998 
20.26027 0.9082028 4.799998 
20.28027 0.9082028 4.799998 
20.30027 0.9082028 4.799998 
20.32027 0.9082028 4.799998 
20.34027 0.9082028 4.799998 
20.36028 0.9082028 4.799998 
20.38028 0.9082028 4.799998 
20.40028 0.9082028 4.799998 
20.42028 0.9082028 4.799998 
20.44028 0.9082028 4.799998 
20.46028 0.9082028 4.799998 
20.48028 0.9082028 4.799998 
20.50028 0.9080683 4.899998 
20.52028 0.907931 4.999998 
20.54028 0.907791 5.099998 
20.56028 0.9076483 5.199997 
20.58028 0.9075027 5.299997 
20.60028 0.9075027 5.299997 
20.62028 0.9075027 5.299997 
20.64028 0.9075027 5.299997 
20.66028 0.9075027 5.299997 
20.68028 0.9075027 5.299997 
20.70028 0.9075027 5.299997 
20.72028 0.9075027 5.299997 
20.74028 0.9075027 5.299997 
20.76028 0.9075027 5.299997 
20.78028 0.9075027 5.299997 
20.80029 0.9075027 5.299997 
20.82029 0.9075027 5.299997 
20.84029 0.9075027 5.299997 
20.86029 0.9075027 5.299997 
20.88029 0.9075027 5.299997 
20.90029 0.9075027 5.299997 
20.92029 0.9075027 5.299997 
20.94029 0.9075027 5.299997 
20.96029 0.9075027 5.299997 
20.98029 0.9075027 5.299997 
21.00029 0.9075027 5.299997 
21.02029 0.9073543 5.399997 
21.04029 0.9072033 5.499997 
21.06029 0.9070494 5.599997 
21.08029 0.9068927 5.699997 
21.10029 0.9068927 5.699997 
21.12029 0.9068927 5.699997 
21.14029 0.9068927 5.699997 
21.16029 0.9068927 5.699997 
21.18029 0.9068927 5.699997 
21.20029 0.9068927 5.699997 
21.22029 0.9068927 5.699997 
21.2403 0.9068927 5.699997 
21.2603 0.9068927 5.699997 
21.2803 0.9068927 5.699997 
21.3003 0.9068927 5.699997 
21.3203 0.9068927 5.699997 
21.3403 0.9068927 5.699997 
21.3603 0.9068927 5.699997 
21.3803 0.9068927 5.699997 
21.4003 0.9068927 5.699997 
21.4203 0.9068927 5.699997 
21.4403 0.9068927 5.699997 
21.4603 0.9068927 5.699997 
21.4803 0.9068927 5.699997 
21.5003 0.9068927 5.699997 
21.5203 0.9068927 5.699997 
21.5403 0.9068927 5.699997 
21.5603 0.9068927 5.699997 
21.5803 0.9068927 5.699997 
21.6003 0.9068927 5.699997 
21.6203 0.9068927 5.699997 
21.6403 0.9068927 5.699997 
21.66031 0.9068927 5.699997 
21.68031 0.9068927 5.699997 
21.70031 0.9068927 5.699997 
21.72031 0.9068927 5.699997 
21.74031 0.9068927 5.699997 
21.76031 0.9068927 5.699997 
21.78031 0.9068927 5.699997 
21.80031 0.9068927 5.699997 
21.82031 0.9068927 5.699997 
21.84031 0.9068927 5.699997 
21.86031 0.9068927 5.699997 
21.88031 0.9068927 5.699997 
21.90031 0.9068927 5.699997 
21.92031 0.9068927 5.699997 
21.94031 0.9068927 5.699997 
21.96031 0.9068927 5.699997 
21.98031 0.9068927 5.699997 
22.00031 0.9068927 5.699997 
22.02031 0.9068927 5.699997 
22.04031 0.9068927 5.699997 
22.06031 0.9068927 5.699997 
22.08031 0.9068927 5.699997 
22.10032 0.9068927 5.699997 
22.12032 0.9068927 5.699997 
22.14032 0.9068927 5.699997 
22.16032 0.9068927 5.699997 
22.18032 0.9068927 5.699997 
22.20032 0.9068927 5.699997 
22.22032 0.9068927 5.699997 
22.24032 0.9068927 5.699997 
22.26032 0.9068927 5.699997 
22.28032 0.9068927 5.699997 
22.30032 0.9068927 5.699997 
22.32032 0.9068927 5.699997 
22.34032 0.9068927 5.699997 
22.36032 0.9068927 5.699997 
22.38032 0.9068927 5.699997 
22.40032 0.9068927 5.699997 
22.42032 0.9068927 5.699997 
22.44032 0.9067335 5.799997 
22.46032 0.9065713 5.899997 
22.48032 0.9064063 5.999997 
22.50032 0.9062387 6.099997 
22.52032 0.9062387 6.099997 
22.54033 0.9062387 6.099997 
22.56033 0.9062387 6.099997 
22.58033 0.9062387 6.099997 
22.60033 0.9062387 6.099997 
22.62033 0.9062387 6.099997 
22.64033 0.9062387 6.099997 
22.66033 0.9062387 6.099997 
22.68033 0.9062387 6.099997 
22.70033 0.9062387 6.099997 
22.72033 0.9062387 6.099997 
22.74033 0.9062387 6.099997 
22.76033 0.9062387 6.099997 
22.78033 0.9062387 6.099997 
22.80033 0.9062387 6.099997 
22.82033 0.9062387 6.099997 
22.84033 0.9062387 6.099997 
22.86033 0.9062387 6.099997 
22.88033 0.9062387 6.099997 
22.90033 0.9062387 6.099997 
22.92033 0.9062387 6.099997 
22.94033 0.9062387 6.099997 
22.96033 0.9062387 6.099997 
22.98034 0.9062387 6.099997 
23.00034 0.9062387 6.099997 
23.02034 0.9062387 6.099997 
23.04034 0.9062387 6.099997 
23.06034 0.9062387 6.099997 
23.08034 0.9062387 6.099997 
23.10034 0.9062387 6.099997 
23.12034 0.9062387 6.099997 
23.14034 0.9062387 6.099997 
23.16034 0.9062387 6.099997 
23.18034 0.9062387 6.099997 
23.20034 0.9062387 6.099997 
23.22034 0.9062387 6.099997 
23.24034 0.9062387 6.099997 
23.26034 0.9062387 6.099997 
23.28034 0.9062387 6.099997 
23.30034 0.9062387 6.099997 
23.32034 0.9062387 6.099997 
23.34034 0.9062387 6.099997 
23.36034 0.9062387 6.099997 
23.38034 0.9062387 6.099997 
23.40034 0.9062387 6.099997 
23.42035 0.9062387 6.099997 
23.44035 0.9062387 6.099997 
23.46035 0.9062387 6.099997 
23.48035 0.9062387 6.099997 
23.50035 0.9062387 6.099997 
23.52035 0.9062387 6.099997 
23.54035 0.9062387 6.099997 
23.56035 0.9062387 6.099997 
23.58035 0.9062387 6.099997 
23.60035 0.9062387 6.099997 
23.62035 0.9062387 6.099997 
23.64035 0.9062387 6.099997 
23.66035 0.9062387 6.099997 
23.68035 0.9062387 6.099997 
23.70035 0.9062387 6.099997 
23.72035 0.9062387 6.099997 
23.74035 0.9062387 6.099997 
23.76035 0.9062387 6.099997 
23.78035 0.9062387 6.099997 
23.80035 0.9062387 6.099997 
23.82035 0.9062387 6.099997 
23.84035 0.9062387 6.099997 
23.86036 0.9062387 6.099997 
23.88036 0.9062387 6.099997 
23.90036 0.9062387 6.099997 
23.92036 0.9062387 6.099997 
23.94036 0.9062387 6.099997 
23.96036 0.9062387 6.099997 
23.98036 0.9159832 6.099997 
24.00036 0.9257277 6.099997 
24.02036 0.9354722 6.099997 
24.04036 0.9452167 6.099997 
24.06036 0.9549612 6.099997 
24.08036 0.9647057 6.099997 
24.10036 0.9744502 6.099997 
24.12036 0.9841948 6.099997 
24.14036 0.9939392 6.099997 
24.16036 0.9939392 6.099997 
24.18036 0.9939392 6.099997 
24.20036 0.9939392 6.099997 
24.22036 0.9939392 6.099997 
24.24036 0.9939392 6.099997 
24.26036 0.9939392 6.099997 
24.28036 0.9939392 6.099997 
24.30037 0.9939392 6.099997 
24.32037 0.9939392 6.099997 
24.34037 0.9939392 6.099997 
24.36037 0.9939392 6.099997 
24.38037 0.9939392 6.099997 
24.40037 0.9939392 6.099997 
24.42037 0.9939392 6.099997 
24.44037 0.9939392 6.099997 
24.46037 0.9939392 6.099997 
24.48037 0.9939392 6.099997 
24.50037 0.9939392 6.099997 
24.52037 0.9939392 6.099997 
24.54037 0.9939392 6.099997 
24.56037 0.9939392 6.099997 
24.58037 0.9939392 6.099997 
24.60037 0.9939392 6.099997 
24.62037 0.9939392 6.099997 
24.64037 0.9939392 6.099997 
24.66037 0.9939392 6.099997 
24.68037 0.9939392 6.099997 
24.70037 0.9939392 6.099997 
24.72038 1.003684 6.099997 
24.74038 1.013428 6.099997 
24.76038 1.023173 6.099997 
24.78038 1.032917 6.099997 
24.80038 1.042662 6.099997 
24.82038 1.052406 6.099997 
24.84038 1.062151 6.099997 
24.86038 1.071895 6.099997 
24.88038 1.071895 6.099997 
24.90038 1.071895 6.099997 
24.92038 1.071895 6.099997 
24.94038 1.071895 6.099997 
24.96038 1.071895 6.099997 
24.98038 1.071895 6.099997 
25.00038 1.071895 6.099997 
25.02038 1.071895 6.099997 
25.04038 1.071895 6.099997 
25.06038 1.071895 6.099997 
25.08038 1.071895 6.099997 
25.10038 1.071895 6.099997 
25.12038 1.071895 6.099997 
25.14038 1.071895 6.099997 
25.16039 1.071895 6.099997 
25.18039 1.071895 6.099997 
25.20039 1.071895 6.099997 
25.22039 1.071895 6.099997 
25.24039 1.071895 6.099997 
25.26039 1.071895 6.099997 
25.28039 1.071895 6.099997 
25.30039 1.071895 6.099997 
25.32039 1.071895 6.099997 
25.34039 1.071895 6.099997 
25.36039 1.071895 6.099997 
25.38039 1.071895 6.099997 
25.40039 1.071895 6.099997 
25.42039 1.071895 6.099997 
25.44039 1.071895 6.099997 
25.46039 1.071895 6.099997 
25.48039 1.071895 6.099997 
25.50039 1.071895 6.099997 
25.52039 1.071895 6.099997 
25.54039 1.071895 6.099997 
25.56039 1.071895 6.099997 
25.58039 1.071895 6.099997 
25.6004 1.071895 6.099997 
25.6204 1.071895 6.099997 
25.6404 1.071895 6.099997 
25.6604 1.071895 6.099997 
25.6804 1.071895 6.099997 
25.7004 1.071895 6.099997 
25.7204 1.071895 6.099997 
25.7404 1.071895 6.099997 
25.7604 1.071895 6.099997 
25.7804 1.071895 6.099997 
25.8004 1.071895 6.099997 
25.8204 1.071895 6.099997 
25.8404 1.071895 6.099997 
25.8604 1.071895 6.099997 
25.8804 1.071895 6.099997 
25.9004 1.071895 6.099997 
25.9204 1.071895 6.099997 
25.9404 1.071895 6.099997 
25.9604 1.071895 6.099997 
25.9804 1.071895 6.099997 
26.0004 1.071895 6.099997 
26.0204 1.071895 6.099997 
26.04041 1.071895 6.099997 
26.06041 1.071895 6.099997 
26.08041 1.071895 6.099997 
26.10041 1.062151 6.099997 
26.12041 1.052406 6.099997 
26.14041 1.042662 6.099997 
26.16041 1.032917 6.099997 
26.18041 1.032917 6.099997 
26.20041 1.032917 6.099997 
26.22041 1.032917 6.099997 
26.24041 1.032917 6.099997 
26.26041 1.032917 6.099997 
26.28041 1.032917 6.099997 
26.30041 1.032917 6.099997 
26.32041 1.032917 6.099997 
26.34041 1.032917 6.099997 
26.36041 1.032917 6.099997 
26.38041 1.032917 6.099997 
26.40041 1.032917 6.099997 
26.42041 1.032917 6.099997 
26.44041 1.032917 6.099997 
26.46041 1.032917 6.099997 
26.48042 1.032917 6.099997 
26.50042 1.032917 6.099997 
26.52042 1.032917 6.099997 
26.54042 1.032917 6.099997 
26.56042 1.032917 6.099997 
26.58042 1.032917 6.099997 
26.60042 1.032917 6.099997 
26.62042 1.032917 6.099997 
26.64042 1.032917 6.099997 
26.66042 1.023173 6.099997 
26.68042 1.013428 6.099997 
26.70042 1.003684 6.099997 
26.72042 0.9939392 6.099997 
26.74042 0.9841948 6.099997 
26.76042 0.9744502 6.099997 
26.78042 0.9647058 6.099997 
26.80042 0.9647058 6.099997 
26.82042 0.9647058 6.099997 
26.84042 0.9647058 6.099997 
26.86042 0.9647058 6.099997 
26.88042 0.9647058 6.099997 
26.90042 0.9647058 6.099997 
26.92043 0.9647058 6.099997 
26.94043 0.9647058 6.099997 
26.96043 0.9647058 6.099997 
26.98043 0.9647058 6.099997 
27.00043 0.9647058 6.099997 
27.02043 0.9647058 6.099997 
27.04043 0.9647058 6.099997 
27.06043 0.9647058 6.099997 
27.08043 0.9647058 6.099997 
27.10043 0.9647058 6.099997 
27.12043 0.9647058 6.099997 
27.14043 0.9647058 6.099997 
27.16043 0.9647058 6.099997 
27.18043 0.9647058 6.099997 
27.20043 0.9647058 6.099997 
27.22043 0.9647058 6.099997 
27.24043 0.9647058 6.099997 
27.26043 0.9647058 6.099997 
27.28043 0.9647058 6.099997 
27.30043 0.9647058 6.099997 
27.32043 0.9647058 6.099997 
27.34044 0.9647058 6.099997 
27.36044 0.9647058 6.099997 
27.38044 0.9647058 6.099997 
27.40044 0.9647058 6.099997 
27.42044 0.9647058 6.099997 
27.44044 0.9647058 6.099997 
27.46044 0.9549612 6.099997 
27.48044 0.9452168 6.099997 
27.50044 0.9354722 6.099997 
27.52044 0.9257277 6.099997 
27.54044 0.9159833 6.099997 
27.56044 0.9062387 6.099997 
27.58044 0.8964943 6.099997 
27.60044 0.8867497 6.099997 
27.62044 0.8770053 6.099997 
27.64044 0.8672608 6.099997 
27.66044 0.8575162 6.099997 
27.68044 0.8575162 6.099997 
27.70044 0.8575162 6.099997 
27.72044 0.8575162 6.099997 
27.74044 0.8575162 6.099997 
27.76044 0.8575162 6.099997 
27.78045 0.8575162 6.099997 
27.80045 0.8575162 6.099997 
27.82045 0.8575162 6.099997 
27.84045 0.8477718 6.099997 
27.86045 0.8380272 6.099997 
27.88045 0.8282828 6.099997 
27.90045 0.8185382 6.099997 
27.92045 0.8087938 6.099997 
27.94045 0.7990493 6.099997 
27.96045 0.7893047 6.099997 
27.98045 0.7795603 6.099997 
28.00045 0.7698157 6.099997 
28.02045 0.7600713 6.099997 
28.04045 0.7503268 6.099997 
28.06045 0.7405823 6.099997 
28.08045 0.7308378 6.099997 
28.10045 0.7210933 6.099997 
28.12045 0.7113488 6.099997 
28.14045 0.7016042 6.099997 
28.16045 0.6918598 6.099997 
28.18045 0.6821153 6.099997 
28.20045 0.6723708 6.099997 
28.22046 0.6626263 6.099997 
28.24046 0.6528818 6.099997 
28.26046 0.6431373 6.099997 
28.28046 0.6333928 6.099997 
28.30046 0.6236483 6.099997 
28.32046 0.6236483 6.099997 
28.34046 0.6236483 6.099997 
28.36046 0.6236483 6.099997 
28.38046 0.6236483 6.099997 
28.40046 0.6236483 6.099997 
28.42046 0.6236483 6.099997 
28.44046 0.6236483 6.099997 
28.46046 0.6236483 6.099997 
28.48046 0.6236483 6.099997 
28.50046 0.6236483 6.099997 
28.52046 0.6236483 6.099997 
28.54046 0.6236483 6.099997 
28.56046 0.6236483 6.099997 
28.58046 0.6236483 6.099997 
28.60046 0.6236483 6.099997 
28.62046 0.6236483 6.099997 
28.64046 0.6236483 6.099997 
28.66047 0.6236483 6.099997 
28.68047 0.6236483 6.099997 
28.70047 0.6236483 6.099997 
28.72047 0.6236483 6.099997 
28.74047 0.6236483 6.099997 
28.76047 0.6236483 6.099997 
28.78047 0.6236483 6.099997 
28.80047 0.6236483 6.099997 
28.82047 0.6139038 6.099997 
28.84047 0.6041593 6.099997 
28.86047 0.5944148 6.099997 
28.88047 0.5846703 6.099997 
28.90047 0.5749258 6.099997 
28.92047 0.5651813 6.099997 
28.94047 0.5554368 6.099997 
28.96047 0.5554368 6.099997 
28.98047 0.5554368 6.099997 
29.00047 0.5554368 6.099997 
29.02047 0.5554368 6.099997 
29.04047 0.5554368 6.099997 
29.06047 0.5554368 6.099997 
29.08047 0.5554368 6.099997 
29.10048 0.5554368 6.099997 
29.12048 0.5554368 6.099997 
29.14048 0.5554368 6.099997 
29.16048 0.5554368 6.099997 
29.18048 0.5554368 6.099997 
29.20048 0.5554368 6.099997 
29.22048 0.5554368 6.099997 
29.24048 0.5554368 6.099997 
29.26048 0.5554368 6.099997 
29.28048 0.5554368 6.099997 
29.30048 0.5554368 6.099997 
29.32048 0.5554368 6.099997 
29.34048 0.5554368 6.099997 
29.36048 0.5554368 6.099997 
29.38048 0.5554368 6.099997 
29.40048 0.5554368 6.099997 
29.42048 0.5554368 6.099997 
29.44048 0.5554368 6.099997 
29.46048 0.5554368 6.099997 
29.48048 0.5554368 6.099997 
29.50048 0.5554368 6.099997 
29.52048 0.5554368 6.099997 
29.54049 0.5554368 6.099997 
29.56049 0.5554368 6.099997 
29.58049 0.5554368 6.099997 
29.60049 0.5554368 6.099997 
29.62049 0.5554368 6.099997 
29.64049 0.5554368 6.099997 
29.66049 0.5554368 6.099997 
29.68049 0.5554368 6.099997 
29.70049 0.5456923 6.099997 
29.72049 0.5359478 6.099997 
29.74049 0.5262033 6.099997 
29.76049 0.5164588 6.099997 
29.78049 0.5164588 6.099997 
29.80049 0.5164588 6.099997 
29.82049 0.5164588 6.099997 
29.84049 0.5164588 6.099997 
29.86049 0.5164588 6.099997 
29.88049 0.5164588 6.099997 
29.90049 0.5164588 6.099997 
29.92049 0.5164588 6.099997 
29.94049 0.5164588 6.099997 
29.96049 0.5164588 6.099997 
29.9805 0.5164588 6.099997 
30.0005 0.5164588 6.099997 
30.0205 0.5164588 6.099997 
30.0405 0.5164588 6.099997 
30.0605 0.5164588 6.099997 
30.0805 0.5164588 6.099997 
30.1005 0.5164588 6.099997 
30.1205 0.5164588 6.099997 
30.1405 0.5164588 6.099997 
30.1605 0.5164588 6.099997 
30.1805 0.5164588 6.099997 
30.2005 0.5164588 6.099997 
30.2205 0.5164588 6.099997 
30.2405 0.5164588 6.099997 
30.2605 0.5164588 6.099997 
30.2805 0.5164588 6.099997 
30.3005 0.5164588 6.099997 
30.3205 0.5164588 6.099997 
30.3405 0.5164588 6.099997 
30.3605 0.5164588 6.099997 
30.3805 0.5164588 6.099997 
30.40051 0.5164588 6.099997 
30.42051 0.5164588 6.099997 
30.44051 0.5164588 6.099997 
30.46051 0.5164588 6.099997 
30.48051 0.5164588 6.099997 
30.50051 0.5164588 6.099997 
30.52051 0.5067143 6.099997 
30.54051 0.4969698 6.099997 
30.56051 0.4872253 6.099997 
30.58051 0.4774808 6.099997 
30.60051 0.4677363 6.099997 
30.62051 0.4579918 6.099997 
30.64051 0.4482473 6.099997 
30.66051 0.4385028 6.099997 
30.68051 0.4385028 6.099997 
30.70051 0.4385028 6.099997 
30.72051 0.4385028 6.099997 
30.74051 0.4385028 6.099997 
30.76051 0.4385028 6.099997 
30.78051 0.4385028 6.099997 
30.80051 0.4385028 6.099997 
30.82051 0.4385028 6.099997 
30.84052 0.4385028 6.099997 
30.86052 0.4385028 6.099997 
30.88052 0.4385028 6.099997 
30.90052 0.4385028 6.099997 
30.92052 0.4385028 6.099997 
30.94052 0.4385028 6.099997 
30.96052 0.4385028 6.099997 
30.98052 0.4385028 6.099997 
31.00052 0.4385028 6.099997 
31.02052 0.4385028 6.099997 
31.04052 0.4385028 6.099997 
31.06052 0.4385028 6.099997 
31.08052 0.4385028 6.099997 
31.10052 0.4385028 6.099997 
31.12052 0.4385028 6.099997 
31.14052 0.4385028 6.099997 
31.16052 0.4385028 6.099997 
31.18052 0.4385028 6.099997 
31.20052 0.4385028 6.099997 
31.22052 0.4385028 6.099997 
31.24052 0.4385028 6.099997 
31.26052 0.4385028 6.099997 
31.28053 0.4385028 6.099997 
31.30053 0.4385028 6.099997 
31.32053 0.4385028 6.099997 
31.34053 0.4385028 6.099997 
31.36053 0.4385028 6.099997 
31.38053 0.4385028 6.099997 
31.40053 0.4385028 6.099997 
31.42053 0.4385028 6.099997 
31.44053 0.4385028 6.099997 
31.46053 0.4385028 6.099997 
31.48053 0.4385028 6.099997 
31.50053 0.4385028 6.099997 
31.52053 0.4385028 6.099997 
31.54053 0.4385028 6.099997 
31.56053 0.4385028 6.099997 
31.58053 0.4385028 6.099997 
31.60053 0.4385028 6.099997 
31.62053 0.4385028 6.099997 
31.64053 0.4385028 6.099997 
31.66053 0.4385028 6.099997 
31.68053 0.4385028 6.099997 
31.70053 0.4385028 6.099997 
31.72054 0.4385028 6.099997 
31.74054 0.4385028 6.099997 
31.76054 0.4385028 6.099997 
31.78054 0.4385028 6.099997 
31.80054 0.4385028 6.099997 
31.82054 0.4385028 6.099997 
31.84054 0.4385028 6.099997 
31.86054 0.4385028 6.099997 
31.88054 0.4385028 6.099997 
31.90054 0.4385028 6.099997 
31.92054 0.4385028 6.099997 
31.94054 0.4385028 6.099997 
31.96054 0.4385028 6.099997 
31.98054 0.4385028 6.099997 
32.00054 0.4385028 6.099997 
32.02054 0.4385028 6.099997 
32.04054 0.4385028 6.099997 
32.06054 0.4385028 6.099997 
32.08054 0.4385028 6.099997 
32.10054 0.4385028 6.099997 
32.12054 0.4385028 6.099997 
32.14054 0.4385028 6.099997 
32.16055 0.4385028 6.099997 
32.18055 0.4385028 6.099997 
32.20055 0.4385028 6.099997 
32.22055 0.4385028 6.099997 
32.24055 0.4385028 6.099997 
32.26055 0.4385028 6.099997 
32.28055 0.4385028 6.099997 
32.30055 0.4385028 6.099997 
32.32055 0.4385028 6.099997 
32.34055 0.4385028 6.099997 
32.36055 0.4385028 6.099997 
32.38055 0.4385028 6.099997 
32.40055 0.4385028 6.099997 
32.42055 0.4385028 6.099997 
32.44055 0.4385028 6.099997 
32.46055 0.4385028 6.099997 
32.48055 0.4385028 6.099997 
32.50055 0.4385028 6.099997 
32.52055 0.4385028 6.099997 
32.54055 0.4385028 6.099997 
32.56055 0.4385028 6.099997 
32.58055 0.4385028 6.099997 
32.60056 0.4385028 6.099997 
32.62056 0.4385028 6.099997 
32.64056 0.4385028 6.099997 
32.66056 0.4385028 6.099997 
32.68056 0.4385028 6.099997 
32.70056 0.4385028 6.099997 
32.72056 0.4385028 6.099997 
32.74056 0.4385028 6.099997 
32.76056 0.4385028 6.099997 
32.78056 0.4385028 6.099997 
32.80056 0.4385028 6.099997 
32.82056 0.4385028 6.099997 
32.84056 0.4385028 6.099997 
32.86056 0.4385028 6.099997 
32.88056 0.4385028 6.099997 
32.90056 0.4385028 6.099997 
32.92056 0.4385028 6.099997 
32.94056 0.4385028 6.099997 
32.96056 0.4385028 6.099997 
32.98056 0.4385028 6.099997 
33.00056 0.4385028 6.099997 
33.02057 0.4385028 6.099997 
33.04057 0.4385028 6.099997 
33.06057 0.4385028 6.099997 
33.08057 0.4385028 6.099997 
33.10057 0.4385028 6.099997 
33.12057 0.4385028 6.099997 
33.14057 0.4385028 6.099997 
33.16057 0.4385028 6.099997 
33.18057 0.4385028 6.099997 
33.20057 0.4385028 6.099997 
33.22057 0.4385028 6.099997 
33.24057 0.4385028 6.099997 
33.26057 0.4385028 6.099997 
33.28057 0.4385028 6.099997 
33.30057 0.4385028 6.099997 
33.32057 0.4385028 6.099997 
33.34057 0.4385028 6.099997 
33.36057 0.4385028 6.099997 
33.38057 0.4385028 6.099997 
33.40057 0.4385028 6.099997 
33.42057 0.4385028 6.099997 
33.44057 0.4385028 6.099997 
33.46058 0.4385028 6.099997 
33.48058 0.4385028 6.099997 
33.50058 0.4385028 6.099997 
33.52058 0.4385028 6.099997 
33.54058 0.4385028 6.099997 
33.56058 0.4385028 6.099997 
33.58058 0.4385028 6.099997 
33.60058 0.4385028 6.099997 
33.62058 0.4385028 6.099997 
33.64058 0.4385028 6.099997 
33.66058 0.4385028 6.099997 
33.68058 0.4385028 6.099997 
33.70058 0.4385028 6.099997 
33.72058 0.4385028 6.099997 
33.74058 0.4385028 6.099997 
33.76058 0.4385028 6.099997 
33.78058 0.4385028 6.099997 
33.80058 0.4385028 6.099997 
33.82058 0.4287583 6.099997 
33.84058 0.4190138 6.099997 
33.86058 0.4092693 6.099997 
33.88058 0.3995248 6.099997 
33.90059 0.3897803 6.099997 
33.92059 0.3800358 6.099997 
33.94059 0.3702913 6.099997 
33.96059 0.3702913 6.099997 
33.98059 0.3702913 6.099997 
34.00059 0.3702913 6.099997 
34.02059 0.3702913 6.099997 
34.04059 0.3702913 6.099997 
34.06059 0.3702913 6.099997 
34.08059 0.3702913 6.099997 
34.10059 0.3702913 6.099997 
34.12059 0.3702913 6.099997 
34.14059 0.3702913 6.099997 
34.16059 0.3702913 6.099997 
34.18059 0.3702913 6.099997 
34.20059 0.3702913 6.099997 
34.22059 0.3702913 6.099997 
34.24059 0.3702913 6.099997 
34.26059 0.3702913 6.099997 
34.28059 0.3702913 6.099997 
34.30059 0.3702913 6.099997 
34.32059 0.3702913 6.099997 
34.3406 0.3702913 6.099997 
34.3606 0.3702913 6.099997 
34.3806 0.3702913 6.099997 
34.4006 0.3702913 6.099997 
34.4206 0.3702913 6.099997 
34.4406 0.3702913 6.099997 
34.4606 0.3702913 6.099997 
34.4806 0.3702913 6.099997 
34.5006 0.3702913 6.099997 
34.5206 0.3702913 6.099997 
34.5406 0.3702913 6.099997 
34.5606 0.3702913 6.099997 
34.5806 0.3702913 6.099997 
34.6006 0.3702913 6.099997 
34.6206 0.3702913 6.099997 
34.6406 0.3702913 6.099997 
34.6606 0.3702913 6.099997 
34.6806 0.3702913 6.099997 
34.7006 0.3702913 6.099997 
34.7206 0.3702913 6.099997 
34.7406 0.3702913 6.099997 
34.7606 0.3702913 6.099997 
34.78061 0.3702913 6.099997 
34.80061 0.3702913 6.099997 
34.82061 0.3702913 6.099997 
34.84061 0.3702913 6.099997 
34.86061 0.3702913 6.099997 
34.88061 0.3702913 6.099997 
34.90061 0.3702913 6.099997 
34.92061 0.3702913 6.099997 
34.94061 0.3702913 6.099997 
34.96061 0.3702913 6.099997 
34.98061 0.3702913 6.099997 
35.00061 0.3702913 6.099997 
35.02061 0.3702913 6.099997 
35.04061 0.3702913 6.099997 
35.06061 0.3702913 6.099997 
35.08061 0.3702913 6.099997 
35.10061 0.3702913 6.099997 
35.12061 0.3702913 6.099997 
35.14061 0.3800358 6.099997 
35.16061 0.3897803 6.099997 
35.18061 0.3995248 6.099997 
35.20061 0.4092693 6.099997 
35.22062 0.4190138 6.099997 
35.24062 0.4190138 6.099997 
35.26062 0.4190138 6.099997 
35.28062 0.4190138 6.099997 
35.30062 0.4190138 6.099997 
35.32062 0.4190138 6.099997 
35.34062 0.4190138 6.099997 
35.36062 0.4190138 6.099997 
35.38062 0.4190138 6.099997 
35.40062 0.4190138 6.099997 
35.42062 0.4190138 6.099997 
35.44062 0.4190138 6.099997 
35.46062 0.4190138 6.099997 
35.48062 0.4190138 6.099997 
35.50062 0.4190138 6.099997 
35.52062 0.4190138 6.099997 
35.54062 0.4190138 6.099997 
35.56062 0.4190138 6.099997 
35.58062 0.4190138 6.099997 
35.60062 0.4190138 6.099997 
35.62062 0.4190138 6.099997 
35.64063 0.4190138 6.099997 
35.66063 0.4190138 6.099997 
35.68063 0.4190138 6.099997 
35.70063 0.4190138 6.099997 
35.72063 0.4190138 6.099997 
35.74063 0.4190138 6.099997 
35.76063 0.4190138 6.099997 
35.78063 0.4190138 6.099997 
35.80063 0.4190138 6.099997 
35.82063 0.4190138 6.099997 
35.84063 0.4190138 6.099997 
35.86063 0.4190138 6.099997 
35.88063 0.4190138 6.099997 
35.90063 0.4190138 6.099997 
35.92063 0.4190138 6.099997 
35.94063 0.4190138 6.099997 
35.96063 0.4190138 6.099997 
35.98063 0.4190138 6.099997 
36.00063 0.4190138 6.099997 
36.02063 0.4190138 6.099997 
36.04063 0.4190138 6.099997 
36.06063 0.4190138 6.099997 
36.08064 0.4190138 6.099997 
36.10064 0.4190138 6.099997 
36.12064 0.4190138 6.099997 
36.14064 0.4190138 6.099997 
36.16064 0.4287583 6.099997 
36.18064 0.4385028 6.099997 
36.20064 0.4482473 6.099997 
36.22064 0.4579918 6.099997 
36.24064 0.4677363 6.099997 
36.26064 0.4677363 6.099997 
36.28064 0.4677363 6.099997 
36.30064 0.4677363 6.099997 
36.32064 0.4677363 6.099997 
36.34064 0.4677363 6.099997 
36.36064 0.4677363 6.099997 
36.38064 0.4677363 6.099997 
36.40064 0.4677363 6.099997 
36.42064 0.4677363 6.099997 
36.44064 0.4677363 6.099997 
36.46064 0.4677363 6.099997 
36.48064 0.4677363 6.099997 
36.50064 0.4677363 6.099997 
36.52065 0.4677363 6.099997 
36.54065 0.4677363 6.099997 
36.56065 0.4677363 6.099997 
36.58065 0.4677363 6.099997 
36.60065 0.4677363 6.099997 
36.62065 0.4677363 6.099997 
36.64065 0.4677363 6.099997 
36.66065 0.4677363 6.099997 
36.68065 0.4677363 6.099997 
36.70065 0.4677363 6.099997 
36.72065 0.4677363 6.099997 
36.74065 0.4677363 6.099997 
36.76065 0.4677363 6.099997 
36.78065 0.4677363 6.099997 
36.80065 0.4677363 6.099997 
36.82065 0.4677363 6.099997 
36.84065 0.4677363 6.099997 
36.86065 0.4677363 6.099997 
36.88065 0.4774808 6.099997 
36.90065 0.4872253 6.099997 
36.92065 0.4969698 6.099997 
36.94065 0.5067143 6.099997 
36.96066 0.5164588 6.099997 
36.98066 0.5262033 6.099997 
37.00066 0.5359478 6.099997 
37.02066 0.5456923 6.099997 
37.04066 0.5456923 6.099997 
37.06066 0.5456923 6.099997 
37.08066 0.5456923 6.099997 
37.10066 0.5456923 6.099997 
37.12066 0.5456923 6.099997 
37.14066 0.5456923 6.099997 
37.16066 0.5456923 6.099997 
37.18066 0.5456923 6.099997 
37.20066 0.5456923 6.099997 
37.22066 0.5456923 6.099997 
37.24066 0.5456923 6.099997 
37.26066 0.5456923 6.099997 
37.28066 0.5456923 6.099997 
37.30066 0.5456923 6.099997 
37.32066 0.5456923 6.099997 
37.34066 0.5456923 6.099997 
37.36066 0.5456923 6.099997 
37.38066 0.5456923 6.099997 
37.40067 0.5456923 6.099997 
37.42067 0.5456923 6.099997 
37.44067 0.5456923 6.099997 
37.46067 0.5456923 6.099997 
37.48067 0.5456923 6.099997 
37.50067 0.5456923 6.099997 
37.52067 0.5456923 6.099997 
37.54067 0.5456923 6.099997 
37.56067 0.5456923 6.099997 
37.58067 0.5456923 6.099997 
37.60067 0.5456923 6.099997 
37.62067 0.5456923 6.099997 
37.64067 0.5456923 6.099997 
37.66067 0.5456923 6.099997 
37.68067 0.5456923 6.099997 
37.70067 0.5456923 6.099997 
37.72067 0.5456923 6.099997 
37.74067 0.5456923 6.099997 
37.76067 0.5456923 6.099997 
37.78067 0.5456923 6.099997 
37.80067 0.5456923 6.099997 
37.82067 0.5456923 6.099997 
37.84068 0.5456923 6.099997 
37.86068 0.5456923 6.099997 
37.88068 0.5456923 6.099997 
37.90068 0.5456923 6.099997 
37.92068 0.5456923 6.099997 
37.94068 0.5456923 6.099997 
37.96068 0.5456923 6.099997 
37.98068 0.5456923 6.099997 
38.00068 0.5456923 6.099997 
38.02068 0.5456923 6.099997 
38.04068 0.5456923 6.099997 
38.06068 0.5456923 6.099997 
38.08068 0.5456923 6.099997 
38.10068 0.5456923 6.099997 
38.12068 0.5456923 6.099997 
38.14068 0.5456923 6.099997 
38.16068 0.5456923 6.099997 
38.18068 0.5456923 6.099997 
38.20068 0.5456923 6.099997 
38.22068 0.5456923 6.099997 
38.24068 0.5456923 6.099997 
38.26068 0.5456923 6.099997 
38.28069 0.5456923 6.099997 
38.30069 0.5456923 6.099997 
38.32069 0.5456923 6.099997 
38.34069 0.5456923 6.099997 
38.36069 0.5456923 6.099997 
38.38069 0.5554368 6.099997 
38.40069 0.5651813 6.099997 
38.42069 0.5749258 6.099997 
38.44069 0.5846703 6.099997 
38.46069 0.5944148 6.099997 
38.48069 0.6041593 6.099997 
38.50069 0.6139038 6.099997 
38.52069 0.6236483 6.099997 
38.54069 0.6333928 6.099997 
38.56069 0.6333928 6.099997 
38.58069 0.6333928 6.099997 
38.60069 0.6333928 6.099997 
38.62069 0.6333928 6.099997 
38.64069 0.6333928 6.099997 
38.66069 0.6333928 6.099997 
38.68069 0.6333928 6.099997 
38.7007 0.6333928 6.099997 
38.7207 0.6333928 6.099997 
38.7407 0.6333928 6.099997 
38.7607 0.6333928 6.099997 
38.7807 0.6333928 6.099997 
38.8007 0.6333928 6.099997 
38.8207 0.6333928 6.099997 
38.8407 0.6333928 6.099997 
38.8607 0.6333928 6.099997 
38.8807 0.6333928 6.099997 
38.9007 0.6333928 6.099997 
38.9207 0.6333928 6.099997 
38.9407 0.6333928 6.099997 
38.9607 0.6333928 6.099997 
38.9807 0.6333928 6.099997 
39.0007 0.6333928 6.099997 
39.0207 0.6333928 6.099997 
39.0407 0.6333928 6.099997 
39.0607 0.6333928 6.099997 
39.0807 0.6333928 6.099997 
39.1007 0.6333928 6.099997 
39.1207 0.6333928 6.099997 
39.14071 0.6333928 6.099997 
39.16071 0.6333928 6.099997 
39.18071 0.6333928 6.099997 
39.20071 0.6333928 6.099997 
39.22071 0.6333928 6.099997 
39.24071 0.6333928 6.099997 
39.26071 0.6333928 6.099997 
39.28071 0.6333928 6.099997 
39.30071 0.6333928 6.099997 
39.32071 0.6333928 6.099997 
39.34071 0.6333928 6.099997 
39.36071 0.6333928 6.099997 
39.38071 0.6333928 6.099997 
39.40071 0.6333928 6.099997 
39.42071 0.6333928 6.099997 
39.44071 0.6333928 6.099997 
39.46071 0.6333928 6.099997 
39.48071 0.6333928 6.099997 
39.50071 0.6333928 6.099997 
39.52071 0.6333928 6.099997 
39.54071 0.6333928 6.099997 
39.56071 0.6333928 6.099997 
39.58072 0.6333928 6.099997 
39.60072 0.6333928 6.099997 
39.62072 0.6333928 6.099997 
39.64072 0.6333928 6.099997 
39.66072 0.6333928 6.099997 
39.68072 0.6333928 6.099997 
39.70072 0.6333928 6.099997 
39.72072 0.6333928 6.099997 
39.74072 0.6333928 6.099997 
39.76072 0.6333928 6.099997 
39.78072 0.6333928 6.099997 
39.80072 0.6333928 6.099997 
39.82072 0.6333928 6.099997 
39.84072 0.6333928 6.099997 
39.86072 0.6431373 6.099997 
39.88072 0.6528818 6.099997 
39.90072 0.6626263 6.099997 
39.92072 0.6723708 6.099997 
39.94072 0.6821153 6.099997 
39.96072 0.6821153 6.099997 
39.98072 0.6821153 6.099997 
40.00072 0.6821153 6.099997 
40.02073 0.6821153 6.099997 
40.04073 0.6821153 6.099997 
40.06073 0.6821153 6.099997 
40.08073 0.6821153 6.099997 
40.10073 0.6821153 6.099997 
40.12073 0.6821153 6.099997 
40.14073 0.6821153 6.099997 
40.16073 0.6821153 6.099997 
40.18073 0.6821153 6.099997 
40.20073 0.6821153 6.099997 
40.22073 0.6821153 6.099997 
40.24073 0.6821153 6.099997 
40.26073 0.6821153 6.099997 
40.28073 0.6821153 6.099997 
40.30073 0.6821153 6.099997 
40.32073 0.6821153 6.099997 
40.34073 0.6821153 6.099997 
40.36073 0.6821153 6.099997 
40.38073 0.6821153 6.099997 
40.40073 0.6821153 6.099997 
40.42073 0.6821153 6.099997 
40.44073 0.6821153 6.099997 
40.46074 0.6821153 6.099997 
40.48074 0.6821153 6.099997 
40.50074 0.6821153 6.099997 
40.52074 0.6821153 6.099997 
40.54074 0.6821153 6.099997 
40.56074 0.6821153 6.099997 
40.58074 0.6821153 6.099997 
40.60074 0.6821153 6.099997 
40.62074 0.6821153 6.099997 
40.64074 0.6821153 6.099997 
40.66074 0.6821153 6.099997 
40.68074 0.6821153 6.099997 
40.70074 0.6821153 6.099997 
40.72074 0.6821153 6.099997 
40.74074 0.6821153 6.099997 
40.76074 0.6821153 6.099997 
40.78074 0.6821153 6.099997 
40.80074 0.6821153 6.099997 
40.82074 0.6821153 6.099997 
40.84074 0.6821153 6.099997 
40.86074 0.6821153 6.099997 
40.88074 0.6918598 6.099997 
40.90075 0.7016042 6.099997 
40.92075 0.7113488 6.099997 
40.94075 0.7210933 6.099997 
40.96075 0.7308378 6.099997 
40.98075 0.7405823 6.099997 
41.00075 0.7503268 6.099997 
41.02075 0.7600713 6.099997 
41.04075 0.7698157 6.099997 
41.06075 0.7698157 6.099997 
41.08075 0.7698157 6.099997 
41.10075 0.7698157 6.099997 
41.12075 0.7698157 6.099997 
41.14075 0.7698157 6.099997 
41.16075 0.7698157 6.099997 
41.18075 0.7698157 6.099997 
41.20075 0.7698157 6.099997 
41.22075 0.7698157 6.099997 
41.24075 0.7698157 6.099997 
41.26075 0.7698157 6.099997 
41.28075 0.7698157 6.099997 
41.30075 0.7698157 6.099997 
41.32076 0.7698157 6.099997 
41.34076 0.7698157 6.099997 
41.36076 0.7698157 6.099997 
41.38076 0.7698157 6.099997 
41.40076 0.7698157 6.099997 
41.42076 0.7698157 6.099997 
41.44076 0.7698157 6.099997 
41.46076 0.7698157 6.099997 
41.48076 0.7698157 6.099997 
41.50076 0.7698157 6.099997 
41.52076 0.7698157 6.099997 
41.54076 0.7698157 6.099997 
41.56076 0.7698157 6.099997 
41.58076 0.7698157 6.099997 
41.60076 0.7698157 6.099997 
41.62076 0.7698157 6.099997 
41.64076 0.7698157 6.099997 
41.66076 0.7698157 6.099997 
41.68076 0.7698157 6.099997 
41.70076 0.7698157 6.099997 
41.72076 0.7698157 6.099997 
41.74076 0.7698157 6.099997 
41.76077 0.7698157 6.099997 
41.78077 0.7698157 6.099997 
41.80077 0.7698157 6.099997 
41.82077 0.7698157 6.099997 
41.84077 0.7698157 6.099997 
41.86077 0.7698157 6.099997 
41.88077 0.7698157 6.099997 
41.90077 0.7698157 6.099997 
41.92077 0.7698157 6.099997 
41.94077 0.7698157 6.099997 
41.96077 0.7698157 6.099997 
41.98077 0.7698157 6.099997 
42.00077 0.7698157 6.099997 
42.02077 0.7698157 6.099997 
42.04077 0.7698157 6.099997 
42.06077 0.769671 6.199996 
42.08077 0.7695239 6.299996 
42.10077 0.7693744 6.399996 
42.12077 0.7692226 6.499996 
42.14077 0.7690685 6.599996 
42.16077 0.768912 6.699996 
42.18077 0.7687532 6.799996 
42.20078 0.7685919 6.899996 
42.22078 0.7684284 6.999996 
42.24078 0.7684284 6.999996 
42.26078 0.7684284 6.999996 
42.28078 0.7684284 6.999996 
42.30078 0.7684284 6.999996 
42.32078 0.7684284 6.999996 
42.34078 0.7684284 6.999996 
42.36078 0.7684284 6.999996 
42.38078 0.7684284 6.999996 
42.40078 0.7684284 6.999996 
42.42078 0.7684284 6.999996 
42.44078 0.7684284 6.999996 
42.46078 0.7684284 6.999996 
42.48078 0.7684284 6.999996 
42.50078 0.7684284 6.999996 
42.52078 0.7684284 6.999996 
42.54078 0.7684284 6.999996 
42.56078 0.7684284 6.999996 
42.58078 0.7684284 6.999996 
42.60078 0.7684284 6.999996 
42.62078 0.7684284 6.999996 
42.64079 0.7684284 6.999996 
42.66079 0.7684284 6.999996 
42.68079 0.7684284 6.999996 
42.70079 0.7684284 6.999996 
42.72079 0.7684284 6.999996 
42.74079 0.7684284 6.999996 
42.76079 0.7684284 6.999996 
42.78079 0.7684284 6.999996 
42.80079 0.7684284 6.999996 
42.82079 0.7684284 6.999996 
42.84079 0.7684284 6.999996 
42.86079 0.7684284 6.999996 
42.88079 0.7684284 6.999996 
42.90079 0.7684284 6.999996 
42.92079 0.7684284 6.999996 
42.94079 0.7684284 6.999996 
42.96079 0.7684284 6.999996 
42.98079 0.7684284 6.999996 
43.00079 0.7684284 6.999996 
43.02079 0.7684284 6.999996 
43.04079 0.7684284 6.999996 
43.06079 0.7684284 6.999996 
43.0808 0.7684284 6.999996 
43.1008 0.7684284 6.999996 
43.1208 0.7684284 6.999996 
43.1408 0.7684284 6.999996 
43.1608 0.7684284 6.999996 
43.1808 0.7684284 6.999996 
43.2008 0.7684284 6.999996 
43.2208 0.7684284 6.999996 
43.2408 0.7684284 6.999996 
43.2608 0.7684284 6.999996 
43.2808 0.7684284 6.999996 
43.3008 0.7684284 6.999996 
43.3208 0.7684284 6.999996 
43.3408 0.7684284 6.999996 
43.3608 0.7684284 6.999996 
43.3808 0.7684284 6.999996 
43.4008 0.7684284 6.999996 
43.4208 0.7684284 6.999996 
43.4408 0.7682626 7.099996 
43.4608 0.7680944 7.199996 
43.4808 0.7679239 7.299995 
43.5008 0.767751 7.399995 
43.52081 0.7675758 7.499995 
43.54081 0.7675758 7.499995 
43.56081 0.7675758 7.499995 
43.58081 0.7675758 7.499995 
43.60081 0.7675758 7.499995 
43.62081 0.7675758 7.499995 
43.64081 0.7675758 7.499995 
43.66081 0.7675758 7.499995 
43.68081 0.7675758 7.499995 
43.70081 0.7675758 7.499995 
43.72081 0.7675758 7.499995 
43.74081 0.7675758 7.499995 
43.76081 0.7675758 7.499995 
43.78081 0.7675758 7.499995 
43.80081 0.7675758 7.499995 
43.82081 0.7675758 7.499995 
43.84081 0.7675758 7.499995 
43.86081 0.7675758 7.499995 
43.88081 0.7675758 7.499995 
43.90081 0.7675758 7.499995 
43.92081 0.7673982 7.599995 
43.94081 0.7672184 7.699995 
43.96082 0.7670361 7.799995 
43.98082 0.7668515 7.899995 
44.00082 0.7666646 7.999995 
44.02082 0.7664754 8.099995 
44.04082 0.7662839 8.199995 
44.06082 0.7660899 8.299995 
44.08082 0.7658937 8.399996 
44.10082 0.7658937 8.399996 
44.12082 0.7658937 8.399996 
44.14082 0.7658937 8.399996 
44.16082 0.7658937 8.399996 
44.18082 0.7658937 8.399996 
44.20082 0.7658937 8.399996 
44.22082 0.7658937 8.399996 
44.24082 0.7658937 8.399996 
44.26082 0.7658937 8.399996 
44.28082 0.7658937 8.399996 
44.30082 0.7658937 8.399996 
44.32082 0.7658937 8.399996 
44.34082 0.7658937 8.399996 
44.36082 0.7658937 8.399996 
44.38083 0.7658937 8.399996 
44.40083 0.7658937 8.399996 
44.42083 0.7658937 8.399996 
44.44083 0.7658937 8.399996 
44.46083 0.7658937 8.399996 
44.48083 0.7658937 8.399996 
44.50083 0.7658937 8.399996 
44.52083 0.7658937 8.399996 
44.54083 0.7658937 8.399996 
44.56083 0.7658937 8.399996 
44.58083 0.7658937 8.399996 
44.60083 0.7658937 8.399996 
44.62083 0.7658937 8.399996 
44.64083 0.7658937 8.399996 
44.66083 0.7658937 8.399996 
44.68083 0.7658937 8.399996 
44.70083 0.7658937 8.399996 
44.72083 0.7658937 8.399996 
44.74083 0.7658937 8.399996 
44.76083 0.7658937 8.399996 
44.78083 0.7658937 8.399996 
44.80083 0.7658937 8.399996 
44.82084 0.7658937 8.399996 
44.84084 0.7658937 8.399996 
44.86084 0.7658937 8.399996 
44.88084 0.7658937 8.399996 
44.90084 0.7658937 8.399996 
44.92084 0.7658937 8.399996 
44.94084 0.7658937 8.399996 
44.96084 0.7658937 8.399996 
44.98084 0.7658937 8.399996 
45.00084 0.7658937 8.399996 
45.02084 0.7658937 8.399996 
45.04084 0.7658937 8.399996 
45.06084 0.7658937 8.399996 
45.08084 0.7658937 8.399996 
45.10084 0.7658937 8.399996 
45.12084 0.7658937 8.399996 
45.14084 0.7658937 8.399996 
45.16084 0.7658937 8.399996 
45.18084 0.7656951 8.499996 
45.20084 0.7654942 8.599997 
45.22084 0.765291 8.699997 
45.24084 0.765291 8.699997 
45.26085 0.765291 8.699997 
45.28085 0.765291 8.699997 
45.30085 0.765291 8.699997 
45.32085 0.765291 8.699997 
45.34085 0.765291 8.699997 
45.36085 0.765291 8.699997 
45.38085 0.765291 8.699997 
45.40085 0.765291 8.699997 
45.42085 0.765291 8.699997 
45.44085 0.765291 8.699997 
45.46085 0.765291 8.699997 
45.48085 0.765291 8.699997 
45.50085 0.765291 8.699997 
45.52085 0.765291 8.699997 
45.54085 0.765291 8.699997 
45.56085 0.765291 8.699997 
45.58085 0.765291 8.699997 
45.60085 0.765291 8.699997 
45.62085 0.765291 8.699997 
45.64085 0.765291 8.699997 
45.66085 0.765291 8.699997 
45.68085 0.765291 8.699997 
45.70086 0.765291 8.699997 
45.72086 0.765291 8.699997 
45.74086 0.765291 8.699997 
45.76086 0.765291 8.699997 
45.78086 0.765291 8.699997 
45.80086 0.765291 8.699997 
45.82086 0.765291 8.699997 
45.84086 0.765291 8.699997 
45.86086 0.765291 8.699997 
45.88086 0.765291 8.699997 
45.90086 0.765291 8.699997 
45.92086 0.765291 8.699997 
45.94086 0.765291 8.699997 
45.96086 0.765291 8.699997 
45.98086 0.765291 8.699997 
46.00086 0.765291 8.699997 
46.02086 0.765291 8.699997 
46.04086 0.765291 8.699997 
46.06086 0.765291 8.699997 
46.08086 0.765291 8.699997 
46.10086 0.765291 8.699997 
46.12086 0.765291 8.699997 
46.14087 0.765291 8.699997 
46.16087 0.765291 8.699997 
46.18087 0.765291 8.699997 
46.20087 0.765291 8.699997 
46.22087 0.7749782 8.699997 
46.24087 0.7846654 8.699997 
46.26087 0.7943527 8.699997 
46.28087 0.8040398 8.699997 
46.30087 0.8137271 8.699997 
46.32087 0.8137271 8.699997 
46.34087 0.8137271 8.699997 
46.36087 0.8137271 8.699997 
46.38087 0.8137271 8.699997 
46.40087 0.8137271 8.699997 
46.42087 0.8137271 8.699997 
46.44087 0.8137271 8.699997 
46.46087 0.8137271 8.699997 
46.48087 0.8137271 8.699997 
46.50087 0.8137271 8.699997 
46.52087 0.8137271 8.699997 
46.54087 0.8137271 8.699997 
46.56087 0.8137271 8.699997 
46.58088 0.8137271 8.699997 
46.60088 0.8137271 8.699997 
46.62088 0.8137271 8.699997 
46.64088 0.8137271 8.699997 
46.66088 0.8137271 8.699997 
46.68088 0.8137271 8.699997 
46.70088 0.8137271 8.699997 
46.72088 0.8234143 8.699997 
46.74088 0.8331016 8.699997 
46.76088 0.8427888 8.699997 
46.78088 0.852476 8.699997 
46.80088 0.852476 8.699997 
46.82088 0.852476 8.699997 
46.84088 0.852476 8.699997 
46.86088 0.852476 8.699997 
46.88088 0.852476 8.699997 
46.90088 0.852476 8.699997 
46.92088 0.852476 8.699997 
46.94088 0.852476 8.699997 
46.96088 0.852476 8.699997 
46.98088 0.852247 8.799997 
47.00089 0.8520154 8.899998 
47.02089 0.8517812 8.999998 
47.04089 0.8515444 9.099998 
47.06089 0.8513051 9.199999 
47.08089 0.8510631 9.299999 
47.10089 0.8508186 9.4 
47.12089 0.8505714 9.5 
47.14089 0.8505714 9.5 
47.16089 0.8505714 9.5 
47.18089 0.8505714 9.5 
47.20089 0.8505714 9.5 
47.22089 0.8505714 9.5 
47.24089 0.8505714 9.5 
47.26089 0.8505714 9.5 
47.28089 0.8505714 9.5 
47.30089 0.8505714 9.5 
47.32089 0.8505714 9.5 
47.34089 0.8505714 9.5 
47.36089 0.8505714 9.5 
47.38089 0.8505714 9.5 
47.40089 0.8505714 9.5 
47.42089 0.8505714 9.5 
47.4409 0.8505714 9.5 
47.4609 0.8505714 9.5 
47.4809 0.8505714 9.5 
47.5009 0.8505714 9.5 
47.5209 0.8505714 9.5 
47.5409 0.8505714 9.5 
47.5609 0.8505714 9.5 
47.5809 0.8505714 9.5 
47.6009 0.8505714 9.5 
47.6209 0.8505714 9.5 
47.6409 0.8505714 9.5 
47.6609 0.8505714 9.5 
47.6809 0.8505714 9.5 
47.7009 0.8505714 9.5 
47.7209 0.8505714 9.5 
47.7409 0.8505714 9.5 
47.7609 0.8505714 9.5 
47.7809 0.8505714 9.5 
47.8009 0.8505714 9.5 
47.8209 0.8505714 9.5 
47.8409 0.8505714 9.5 
47.8609 0.8505714 9.5 
47.88091 0.8503217 9.6 
47.90091 0.8500693 9.700001 
47.92091 0.8498144 9.800001 
47.94091 0.8495569 9.900002 
47.96091 0.8492969 10 
47.98091 0.8490342 10.1 
48.00091 0.8487689 10.2 
48.02091 0.8487689 10.2 
48.04091 0.8487689 10.2 
48.06091 0.8487689 10.2 
48.08091 0.8487689 10.2 
48.10091 0.8487689 10.2 
48.12091 0.8487689 10.2 
48.14091 0.8487689 10.2 
48.16091 0.8487689 10.2 
48.18091 0.8487689 10.2 
48.20091 0.8487689 10.2 
48.22091 0.8487689 10.2 
48.24091 0.8487689 10.2 
48.26091 0.8487689 10.2 
48.28091 0.8487689 10.2 
48.30091 0.8487689 10.2 
48.32092 0.8487689 10.2 
48.34092 0.8487689 10.2 
48.36092 0.8487689 10.2 
48.38092 0.8487689 10.2 
48.40092 0.8487689 10.2 
48.42092 0.8487689 10.2 
48.44092 0.8487689 10.2 
48.46092 0.8487689 10.2 
48.48092 0.8487689 10.2 
48.50092 0.8487689 10.2 
48.52092 0.8487689 10.2 
48.54092 0.8487689 10.2 
48.56092 0.8487689 10.2 
48.58092 0.8487689 10.2 
48.60092 0.8487689 10.2 
48.62092 0.8487689 10.2 
48.64092 0.8487689 10.2 
48.66092 0.8487689 10.2 
48.68092 0.8487689 10.2 
48.70092 0.8487689 10.2 
48.72092 0.8487689 10.2 
48.74092 0.8487689 10.2 
48.76093 0.8487689 10.2 
48.78093 0.8487689 10.2 
48.80093 0.8487689 10.2 
48.82093 0.848501 10.3 
48.84093 0.8482306 10.4 
48.86093 0.8479576 10.5 
48.88093 0.847682 10.6 
48.90093 0.8474038 10.7 
48.92093 0.8474038 10.7 
48.94093 0.8474038 10.7 
48.96093 0.8474038 10.7 
48.98093 0.8474038 10.7 
49.00093 0.8474038 10.7 
49.02093 0.8474038 10.7 
49.04093 0.8474038 10.7 
49.06093 0.8474038 10.7 
49.08093 0.8474038 10.7 
49.10093 0.8474038 10.7 
49.12093 0.8474038 10.7 
49.14093 0.8474038 10.7 
49.16093 0.8474038 10.7 
49.18093 0.8474038 10.7 
49.20094 0.8474038 10.7 
49.22094 0.8474038 10.7 
49.24094 0.8474038 10.7 
49.26094 0.8474038 10.7 
49.28094 0.8474038 10.7 
49.30094 0.8474038 10.7 
49.32094 0.8474038 10.7 
49.34094 0.8474038 10.7 
49.36094 0.8474038 10.7 
49.38094 0.8474038 10.7 
49.40094 0.8474038 10.7 
49.42094 0.8474038 10.7 
49.44094 0.847123 10.8 
49.46094 0.8468397 10.90001 
49.48094 0.8465537 11.00001 
49.50094 0.8462653 11.10001 
49.52094 0.8459741 11.20001 
49.54094 0.8456805 11.30001 
49.56094 0.8453842 11.40001 
49.58094 0.8450854 11.50001 
49.60094 0.844784 11.60001 
49.62094 0.84448 11.70001 
49.64095 0.8441736 11.80001 
49.66095 0.8438644 11.90001 
49.68095 0.8435527 12.00001 
49.70095 0.8432385 12.10001 
49.72095 0.8429217 12.20001 
49.74095 0.8426023 12.30001 
49.76095 0.8422803 12.40001 
49.78095 0.8422803 12.40001 
49.80095 0.8422803 12.40001 
49.82095 0.8422803 12.40001 
49.84095 0.8422803 12.40001 
49.86095 0.8422803 12.40001 
49.88095 0.8422803 12.40001 
49.90095 0.8422803 12.40001 
49.92095 0.8422803 12.40001 
49.94095 0.8422803 12.40001 
49.96095 0.8422803 12.40001 
49.98095 0.8422803 12.40001 
50.00095 0.8422803 12.40001 
50.02095 0.8422803 12.40001 
50.04095 0.8422803 12.40001 
50.06096 0.8422803 12.40001 
50.08096 0.8422803 12.40001 
50.10096 0.8422803 12.40001 
50.12096 0.8422803 12.40001 
50.14096 0.8422803 12.40001 
50.16096 0.8419558 12.50001 
50.18096 0.8416287 12.60001 
50.20096 0.8412991 12.70001 
50.22096 0.8409669 12.80001 
50.24096 0.8406321 12.90001 
50.26096 0.8402948 13.00001 
50.28096 0.8399549 13.10001 
50.30096 0.8396125 13.20001 
50.32096 0.8392674 13.30001 
50.34096 0.8389198 13.40001 
50.36096 0.8389198 13.40001 
50.38096 0.8389198 13.40001 
50.40096 0.8389198 13.40001 
50.42096 0.8389198 13.40001 
50.44096 0.8389198 13.40001 
50.46096 0.8389198 13.40001 
50.48096 0.8389198 13.40001 
50.50097 0.8389198 13.40001 
50.52097 0.8389198 13.40001 
50.54097 0.8389198 13.40001 
50.56097 0.8389198 13.40001 
50.58097 0.8389198 13.40001 
50.60097 0.8389198 13.40001 
50.62097 0.8389198 13.40001 
50.64097 0.8389198 13.40001 
50.66097 0.8389198 13.40001 
50.68097 0.8389198 13.40001 
50.70097 0.8389198 13.40001 
50.72097 0.8389198 13.40001 
50.74097 0.8389198 13.40001 
50.76097 0.8389198 13.40001 
50.78097 0.8389198 13.40001 
50.80097 0.8389198 13.40001 
50.82097 0.8389198 13.40001 
50.84097 0.8389198 13.40001 
50.86097 0.8389198 13.40001 
50.88097 0.8389198 13.40001 
50.90097 0.8389198 13.40001 
50.92097 0.8389198 13.40001 
50.94098 0.8389198 13.40001 
50.96098 0.8389198 13.40001 
50.98098 0.8389198 13.40001 
51.00098 0.8385698 13.50002 
51.02098 0.838217 13.60002 
51.04098 0.8378618 13.70002 
51.06098 0.837504 13.80002 
51.08098 0.8371437 13.90002 
51.10098 0.8367808 14.00002 
51.12098 0.8364154 14.10002 
51.14098 0.8360474 14.20002 
51.16098 0.8360474 14.20002 
51.18098 0.8360474 14.20002 
51.20098 0.8360474 14.20002 
51.22098 0.8360474 14.20002 
51.24098 0.8360474 14.20002 
51.26098 0.8360474 14.20002 
51.28098 0.8360474 14.20002 
51.30098 0.8360474 14.20002 
51.32098 0.8360474 14.20002 
51.34098 0.8360474 14.20002 
51.36098 0.8360474 14.20002 
51.38099 0.8360474 14.20002 
51.40099 0.8360474 14.20002 
51.42099 0.8360474 14.20002 
51.44099 0.8360474 14.20002 
51.46099 0.8360474 14.20002 
51.48099 0.8360474 14.20002 
51.50099 0.8356768 14.30002 
51.52099 0.8353038 14.40002 
51.54099 0.8349282 14.50002 
51.56099 0.83455 14.60002 
51.58099 0.8341693 14.70002 
51.60099 0.833786 14.80002 
51.62099 0.8334003 14.90002 
51.64099 0.8330119 15.00002 
51.66099 0.8326211 15.10002 
51.68099 0.8322276 15.20002 
51.70099 0.8318318 15.30002 
51.72099 0.8314333 15.40002 
51.74099 0.8310323 15.50002 
51.76099 0.8306288 15.60002 
51.78099 0.8302227 15.70002 
51.80099 0.8298141 15.80002 
51.821 0.8298141 15.80002 
51.841 0.8298141 15.80002 
51.861 0.8298141 15.80002 
51.881 0.8298141 15.80002 
51.901 0.8298141 15.80002 
51.921 0.8298141 15.80002 
51.941 0.8298141 15.80002 
51.961 0.8298141 15.80002 
51.981 0.8298141 15.80002 
52.001 0.8298141 15.80002 
52.021 0.8298141 15.80002 
52.041 0.8298141 15.80002 
52.061 0.8298141 15.80002 
52.081 0.8298141 15.80002 
52.101 0.8298141 15.80002 
52.121 0.8298141 15.80002 
52.141 0.8298141 15.80002 
52.161 0.8298141 15.80002 
52.181 0.8298141 15.80002 
52.201 0.8298141 15.80002 
52.221 0.8298141 15.80002 
52.241 0.8298141 15.80002 
52.26101 0.8298141 15.80002 
52.28101 0.8298141 15.80002 
52.30101 0.8298141 15.80002 
52.32101 0.8298141 15.80002 
52.34101 0.8298141 15.80002 
52.36101 0.8298141 15.80002 
52.38101 0.8298141 15.80002 
52.40101 0.8298141 15.80002 
52.42101 0.8298141 15.80002 
52.44101 0.8298141 15.80002 
52.46101 0.8298141 15.80002 
52.48101 0.8298141 15.80002 
52.50101 0.8298141 15.80002 
52.52101 0.8298141 15.80002 
52.54101 0.8298141 15.80002 
52.56101 0.8298141 15.80002 
52.58101 0.8298141 15.80002 
52.60101 0.8298141 15.80002 
52.62101 0.8298141 15.80002 
52.64101 0.8298141 15.80002 
52.66101 0.8298141 15.80002 
52.68102 0.8298141 15.80002 
52.70102 0.8298141 15.80002 
52.72102 0.8298141 15.80002 
52.74102 0.8298141 15.80002 
52.76102 0.8298141 15.80002 
52.78102 0.8298141 15.80002 
52.80102 0.8298141 15.80002 
52.82102 0.829403 15.90002 
52.84102 0.8289893 16.00002 
52.86102 0.8285731 16.10003 
52.88102 0.8281544 16.20003 
52.90102 0.8281544 16.20003 
52.92102 0.8281544 16.20003 
52.94102 0.8281544 16.20003 
52.96102 0.8281544 16.20003 
52.98102 0.8281544 16.20003 
53.00102 0.8281544 16.20003 
53.02102 0.8281544 16.20003 
53.04102 0.8281544 16.20003 
53.06102 0.8281544 16.20003 
53.08102 0.8281544 16.20003 
53.10102 0.8281544 16.20003 
53.12103 0.8281544 16.20003 
53.14103 0.8281544 16.20003 
53.16103 0.8281544 16.20003 
53.18103 0.8281544 16.20003 
53.20103 0.8281544 16.20003 
53.22103 0.8281544 16.20003 
53.24103 0.8281544 16.20003 
53.26103 0.8281544 16.20003 
53.28103 0.8281544 16.20003 
53.30103 0.8281544 16.20003 
53.32103 0.8281544 16.20003 
53.34103 0.8281544 16.20003 
53.36103 0.8281544 16.20003 
53.38103 0.8281544 16.20003 
53.40103 0.8281544 16.20003 
53.42103 0.8281544 16.20003 
53.44103 0.8281544 16.20003 
53.46103 0.8281544 16.20003 
53.48103 0.8277333 16.30003 
53.50103 0.8273095 16.40003 
53.52103 0.8268832 16.50003 
53.54103 0.8264545 16.60003 
53.56104 0.8260231 16.70003 
53.58104 0.8255893 16.80003 
53.60104 0.8251529 16.90003 
53.62104 0.8247142 17.00003 
53.64104 0.8242728 17.10003 
53.66104 0.8238289 17.20003 
53.68104 0.8233826 17.30003 
53.70104 0.8229336 17.40003 
53.72104 0.8229336 17.40003 
53.74104 0.8229336 17.40003 
53.76104 0.8229336 17.40003 
53.78104 0.8229336 17.40003 
53.80104 0.8229336 17.40003 
53.82104 0.8229336 17.40003 
53.84104 0.8229336 17.40003 
53.86104 0.8229336 17.40003 
53.88104 0.8229336 17.40003 
53.90104 0.8229336 17.40003 
53.92104 0.8229336 17.40003 
53.94104 0.8229336 17.40003 
53.96104 0.8229336 17.40003 
53.98104 0.8229336 17.40003 
54.00105 0.8229336 17.40003 
54.02105 0.8229336 17.40003 
54.04105 0.8229336 17.40003 
54.06105 0.8229336 17.40003 
54.08105 0.8229336 17.40003 
54.10105 0.8229336 17.40003 
54.12105 0.8229336 17.40003 
54.14105 0.8229336 17.40003 
54.16105 0.8229336 17.40003 
54.18105 0.8229336 17.40003 
54.20105 0.8229336 17.40003 
54.22105 0.8229336 17.40003 
54.24105 0.8229336 17.40003 
54.26105 0.8229336 17.40003 
54.28105 0.8229336 17.40003 
54.30105 0.8229336 17.40003 
54.32105 0.8229336 17.40003 
54.34105 0.8229336 17.40003 
54.36105 0.8229336 17.40003 
54.38105 0.8229336 17.40003 
54.40105 0.8224823 17.50003 
54.42105 0.8220284 17.60003 
54.44106 0.8215719 17.70003 
54.46106 0.821113 17.80003 
54.48106 0.8206517 17.90003 
54.50106 0.8201877 18.00003 
54.52106 0.8197213 18.10003 
54.54106 0.8197213 18.10003 
54.56106 0.8197213 18.10003 
54.58106 0.8197213 18.10003 
54.60106 0.8197213 18.10003 
54.62106 0.8197213 18.10003 
54.64106 0.8197213 18.10003 
54.66106 0.8197213 18.10003 
54.68106 0.8197213 18.10003 
54.70106 0.8197213 18.10003 
54.72106 0.8197213 18.10003 
54.74106 0.8197213 18.10003 
54.76106 0.8197213 18.10003 
54.78106 0.8197213 18.10003 
54.80106 0.8197213 18.10003 
54.82106 0.8197213 18.10003 
54.84106 0.8197213 18.10003 
54.86106 0.8197213 18.10003 
54.88107 0.8197213 18.10003 
54.90107 0.8197213 18.10003 
54.92107 0.8197213 18.10003 
54.94107 0.8197213 18.10003 
54.96107 0.8197213 18.10003 
54.98107 0.8197213 18.10003 
55.00107 0.8197213 18.10003 
55.02107 0.8197213 18.10003 
55.04107 0.8192525 18.20003 
55.06107 0.8187811 18.30003 
55.08107 0.8183072 18.40003 
55.10107 0.8178308 18.50003 
55.12107 0.8173519 18.60003 
55.14107 0.8168706 18.70004 
55.16107 0.8163867 18.80004 
55.18107 0.8159003 18.90004 
55.20107 0.8159003 18.90004 
55.22107 0.8159003 18.90004 
55.24107 0.8159003 18.90004 
55.26107 0.8159003 18.90004 
55.28107 0.8159003 18.90004 
55.30107 0.8159003 18.90004 
55.32108 0.8159003 18.90004 
55.34108 0.8159003 18.90004 
55.36108 0.8159003 18.90004 
55.38108 0.8159003 18.90004 
55.40108 0.8159003 18.90004 
55.42108 0.8159003 18.90004 
55.44108 0.8159003 18.90004 
55.46108 0.8159003 18.90004 
55.48108 0.8159003 18.90004 
55.50108 0.8159003 18.90004 
55.52108 0.8159003 18.90004 
55.54108 0.8159003 18.90004 
55.56108 0.8159003 18.90004 
55.58108 0.8159003 18.90004 
55.60108 0.8159003 18.90004 
55.62108 0.8159003 18.90004 
55.64108 0.8159003 18.90004 
55.66108 0.8159003 18.90004 
55.68108 0.8159003 18.90004 
55.70108 0.8159003 18.90004 
55.72108 0.8154117 19 
55.74109 0.8154117 19 
55.76109 0.8154117 19 
55.78109 0.8154117 19 
55.80109 0.8154117 19 
55.82109 0.8154117 19 
55.84109 0.8154117 19 
55.86109 0.8154117 19 
55.88109 0.8154117 19 
55.90109 0.8154117 19 
55.92109 0.8154117 19 
55.94109 0.8154117 19 
55.96109 0.8154117 19 
55.98109 0.8154117 19 
56.00109 0.8154117 19 
56.02109 0.8154117 19 
56.04109 0.8154117 19 
56.06109 0.8154117 19 
56.08109 0.8154117 19 
56.10109 0.8154117 19 
56.12109 0.8154117 19 
56.14109 0.8154117 19 
56.16109 0.8154117 19 
56.1811 0.8154117 19 
56.2011 0.8154117 19 
56.2211 0.8154117 19 
56.2411 0.8154117 19 
56.2611 0.8154117 19 
56.2811 0.8154117 19 
56.3011 0.8154117 19 
56.3211 0.8154117 19 
56.3411 0.8154117 19 
56.3611 0.8154117 19 
56.3811 0.8154117 19 
56.4011 0.8154117 19 
56.4211 0.8154117 19 
56.4411 0.8154117 19 
56.4611 0.8154117 19 
56.4811 0.8154117 19 
56.5011 0.8154117 19 
56.5211 0.8154117 19 
56.5411 0.8154117 19 
56.5611 0.8154117 19 
56.5811 0.8154117 19 
56.6011 0.8154117 19 
56.62111 0.8154117 19 
56.64111 0.8154117 19 
56.66111 0.8154117 19 
56.68111 0.8154117 19 
56.70111 0.8154117 19 
56.72111 0.8154117 19 
56.74111 0.8154117 19 
56.76111 0.8154117 19 
56.78111 0.8154117 19 
56.80111 0.8154117 19 
56.82111 0.8154117 19 
56.84111 0.8154117 19 
56.86111 0.8154117 19 
56.88111 0.8154117 19 
56.90111 0.8154117 19 
56.92111 0.8154117 19 
56.94111 0.8154117 19 
56.96111 0.8154117 19 
56.98111 0.8154117 19 
57.00111 0.8154117 19 
57.02111 0.8154117 19 
57.04111 0.8154117 19 
57.06112 0.8154117 19 
57.08112 0.8154117 19 
57.10112 0.8154117 19 
57.12112 0.8154117 19 
57.14112 0.8154117 19 
57.16112 0.8154117 19 
57.18112 0.8154117 19 
57.20112 0.8154117 19 
57.22112 0.8154117 19 
57.24112 0.8154117 19 
57.26112 0.8154117 19 
57.28112 0.8154117 19 
57.30112 0.8154117 19 
57.32112 0.8154117 19 
57.34112 0.8154117 19 
57.36112 0.8154117 19 
57.38112 0.8154117 19 
57.40112 0.8154117 19 
57.42112 0.8154117 19 
57.44112 0.8154117 19 
57.46112 0.8154117 19 
57.48112 0.8154117 19 
57.50113 0.8154117 19 
57.52113 0.8154117 19 
57.54113 0.8154117 19 
57.56113 0.8154117 19 
57.58113 0.8154117 19 
57.60113 0.8154117 19 
57.62113 0.8154117 19 
57.64113 0.8154117 19 
57.66113 0.8154117 19 
57.68113 0.8154117 19 
57.70113 0.8154117 19 
57.72113 0.8154117 19 
57.74113 0.8154117 19 
57.76113 0.8154117 19 
57.78113 0.8154117 19 
57.80113 0.8154117 19 
57.82113 0.8154117 19 
57.84113 0.8154117 19 
57.86113 0.8154117 19 
57.88113 0.8154117 19 
57.90113 0.8154117 19 
57.92113 0.8154117 19 
57.94114 0.8154117 19 
57.96114 0.8154117 19 
57.98114 0.8154117 19 
58.00114 0.8154117 19 
58.02114 0.8154117 19 
58.04114 0.8154117 19 
58.06114 0.8154117 19 
58.08114 0.8154117 19 
58.10114 0.8154117 19 
58.12114 0.8154117 19 
58.14114 0.8154117 19 
58.16114 0.8154117 19 
58.18114 0.8154117 19 
58.20114 0.8154117 19 
58.22114 0.8154117 19 
58.24114 0.8154117 19 
58.26114 0.8154117 19 
58.28114 0.8154117 19 
58.30114 0.8154117 19 
58.32114 0.8154117 19 
58.34114 0.8154117 19 
58.36115 0.8154117 19 
58.38115 0.8154117 19 
58.40115 0.8154117 19 
58.42115 0.8154117 19 
58.44115 0.8154117 19 
58.46115 0.8154117 19 
58.48115 0.8154117 19 
58.50115 0.8154117 19 
58.52115 0.8154117 19 
58.54115 0.8154117 19 
58.56115 0.8154117 19 
58.58115 0.8154117 19 
58.60115 0.8154117 19 
58.62115 0.8154117 19 
58.64115 0.8154117 19 
58.66115 0.8154117 19 
58.68115 0.8154117 19 
58.70115 0.8154117 19 
58.72115 0.8154117 19 
58.74115 0.8154117 19 
58.76115 0.8154117 19 
58.78115 0.8154117 19 
58.80116 0.8154117 19 
58.82116 0.8154117 19 
58.84116 0.8154117 19 
58.86116 0.8154117 19 
58.88116 0.8154117 19 
58.90116 0.8154117 19 
58.92116 0.8154117 19 
58.94116 0.8154117 19 
58.96116 0.8154117 19 
58.98116 0.8154117 19 
59.00116 0.8154117 19 
59.02116 0.8154117 19 
59.04116 0.8154117 19 
59.06116 0.8154117 19 
59.08116 0.8154117 19 
59.10116 0.8154117 19 
59.12116 0.8154117 19 
59.14116 0.8154117 19 
59.16116 0.8154117 19 
59.18116 0.8154117 19 
59.20116 0.8154117 19 
59.22116 0.8154117 19 
59.24117 0.8154117 19 
59.26117 0.8154117 19 
59.28117 0.8154117 19 
59.30117 0.8154117 19 
59.32117 0.8154117 19 
59.34117 0.8154117 19 
59.36117 0.8154117 19 
59.38117 0.8154117 19 
59.40117 0.8154117 19 
59.42117 0.8154117 19 
59.44117 0.8154117 19 
59.46117 0.8154117 19 
59.48117 0.8154117 19 
59.50117 0.8154117 19 
59.52117 0.8154117 19 
59.54117 0.8154117 19 
59.56117 0.8154117 19 
59.58117 0.8154117 19 
59.60117 0.8154117 19 
59.62117 0.8154117 19 
59.64117 0.8154117 19 
59.66117 0.8154117 19 
59.68118 0.8154117 19 
59.70118 0.8154117 19 
59.72118 0.8154117 19 
59.74118 0.8154117 19 
59.76118 0.8154117 19 
59.78118 0.8154117 19 
59.80118 0.8154117 19 
59.82118 0.8154117 19 
59.84118 0.8154117 19 
59.86118 0.8154117 19 
59.88118 0.8154117 19 
59.90118 0.8154117 19 
59.92118 0.8154117 19 
59.94118 0.8154117 19 
59.96118 0.8154117 19 
59.98118 0.8154117 19 
60.00118 0.8154117 19 
60.02118 0.8154117 19 
60.04118 0.8154117 19 
60.06118 0.8154117 19 
60.08118 0.8154117 19 
60.10118 0.8154117 19 
60.12119 0.8154117 19 
60.14119 0.8154117 19 
60.16119 0.8154117 19 
60.18119 0.8154117 19 
60.20119 0.8154117 19 
60.22119 0.8154117 19 
60.24119 0.8154117 19 
60.26119 0.8154117 19 
60.28119 0.8154117 19 
60.30119 0.8154117 19 
60.32119 0.8154117 19 
60.34119 0.8154117 19 
60.36119 0.8154117 19 
60.38119 0.8154117 19 
60.40119 0.8154117 19 
60.42119 0.8154117 19 
60.44119 0.8154117 19 
60.46119 0.8154117 19 
60.48119 0.8154117 19 
60.50119 0.8154117 19 
60.52119 0.8061457 19 
60.54119 0.7968796 19 
60.5612 0.7876136 19 
60.5812 0.7876136 19 
60.6012 0.7876136 19 
60.6212 0.7876136 19 
60.6412 0.7876136 19 
60.6612 0.7876136 19 
60.6812 0.7876136 19 
60.7012 0.7876136 19 
60.7212 0.7876136 19 
60.7412 0.7876136 19 
60.7612 0.7876136 19 
60.7812 0.7876136 19 
60.8012 0.7876136 19 
60.8212 0.7876136 19 
60.8412 0.7876136 19 
60.8612 0.7876136 19 
60.8812 0.7876136 19 
60.9012 0.7783476 19 
60.9212 0.7690815 19 
60.9412 0.7598155 19 
60.9612 0.7505495 19 
60.9812 0.7412835 19 
61.00121 0.7320174 19 
61.02121 0.7227514 19 
61.04121 0.7227514 19 
61.06121 0.7227514 19 
61.08121 0.7227514 19 
61.10121 0.7227514 19 
61.12121 0.7227514 19 
61.14121 0.7227514 19 
61.16121 0.7227514 19 
61.18121 0.7227514 19 
61.20121 0.7227514 19 
61.22121 0.7227514 19 
61.24121 0.7227514 19 
61.26121 0.7227514 19 
61.28121 0.7227514 19 
61.30121 0.7227514 19 
61.32121 0.7227514 19 
61.34121 0.7227514 19 
61.36121 0.7227514 19 
61.38121 0.7227514 19 
61.40121 0.7227514 19 
61.42122 0.7134853 19 
61.44122 0.7042193 19 
61.46122 0.6949533 19 
61.48122 0.6856872 19 
61.50122 0.6764212 19 
61.52122 0.6671551 19 
61.54122 0.6578891 19 
61.56122 0.648623 19 
61.58122 0.648623 19 
61.60122 0.648623 19 
61.62122 0.648623 19 
61.64122 0.648623 19 
61.66122 0.648623 19 
61.68122 0.648623 19 
61.70122 0.648623 19 
61.72122 0.648623 19 
61.74122 0.648623 19 
61.76122 0.648623 19 
61.78122 0.648623 19 
61.80122 0.648623 19 
61.82122 0.648623 19 
61.84122 0.648623 19 
61.86123 0.648623 19 
61.88123 0.639357 19 
61.90123 0.630091 19 
61.92123 0.6208249 19 
61.94123 0.6115589 19 
61.96123 0.6115589 19 
61.98123 0.6115589 19 
62.00123 0.6115589 19 
62.02123 0.6115589 19 
62.04123 0.6115589 19 
62.06123 0.6115589 19 
62.08123 0.6115589 19 
62.10123 0.6115589 19 
62.12123 0.6115589 19 
62.14123 0.6115589 19 
62.16123 0.6115589 19 
62.18123 0.6115589 19 
62.20123 0.6115589 19 
62.22123 0.6022928 19 
62.24123 0.5930268 19 
62.26123 0.5837607 19 
62.28123 0.5744947 19 
62.30124 0.5744947 19 
62.32124 0.5744947 19 
62.34124 0.5744947 19 
62.36124 0.5744947 19 
62.38124 0.5744947 19 
62.40124 0.5744947 19 
62.42124 0.5652287 19 
62.44124 0.5559627 19 
62.46124 0.5466967 19 
62.48124 0.5374306 19 
62.50124 0.5281646 19 
62.52124 0.5188985 19 
62.54124 0.5188985 19 
62.56124 0.5188985 19 
62.58124 0.5188985 19 
62.60124 0.5188985 19 
62.62124 0.5188985 19 
62.64124 0.5188985 19 
62.66124 0.5188985 19 
62.68124 0.5188985 19 
62.70124 0.5188985 19 
62.72124 0.5096325 19 
62.74125 0.5003664 19 
62.76125 0.4911004 19 
62.78125 0.4818344 19 
62.80125 0.4725683 19 
62.82125 0.4633023 19 
62.84125 0.4633023 19 
62.86125 0.4633023 19 
62.88125 0.4633023 19 
62.90125 0.4633023 19 
62.92125 0.4633023 19 
62.94125 0.4633023 19 
62.96125 0.4633023 19 
62.98125 0.4633023 19 
63.00125 0.4633023 19 
63.02125 0.4633023 19 
63.04125 0.4633023 19 
63.06125 0.4633023 19 
63.08125 0.4633023 19 
63.10125 0.4633023 19 
63.12125 0.4633023 19 
63.14125 0.4633023 19 
63.16125 0.4633023 19 
63.18126 0.4633023 19 
63.20126 0.4633023 19 
63.22126 0.4633023 19 
63.24126 0.4633023 19 
63.26126 0.4633023 19 
63.28126 0.4633023 19 
63.30126 0.4633023 19 
63.32126 0.4633023 19 
63.34126 0.4633023 19 
63.36126 0.4633023 19 
63.38126 0.4633023 19 
63.40126 0.4633023 19 
63.42126 0.4633023 19 
63.44126 0 19 
63.46126 0 19 
63.48126 0 19 
63.50126 0 19 
63.52126 0 19 
63.54126 0 19 
63.56126 0 19 
63.58126 0 19 
63.60126 0 19 
63.62127 0 19 
63.64127 0 19 
63.66127 0 19 
63.68127 0 19 
63.70127 0 19 
63.72127 0 19 
63.74127 0 19 
63.76127 0 19 
63.78127 0 19 
63.80127 0 19 
63.82127 0 19 
63.84127 0 19 
63.86127 0 19 
63.88127 0 19 
63.90127 0 19 
63.92127 0 19 
63.94127 0 19 
63.96127 0 19 
63.98127 0 19 
64.00127 0 19 
64.02127 0 19 
64.04127 0 19 
64.06126 0 19 
64.08126 0 19 
64.10126 0 19 
64.12125 0 19 
64.14125 0 19 
64.16125 0 19 
64.18124 0 19 
64.20124 0 19 
64.22124 0 19 
64.24123 0 19 
64.26123 0 19 
64.28123 0 19 
64.30122 0 19 
64.32122 0 19 
64.34122 0 19 
64.36121 0 19 
64.38121 0 19 
64.40121 0 19 
64.4212 0 19 
64.4412 0 19 
64.4612 0 19 
64.48119 0 19 
64.50119 0 19 
64.52119 0 19 
64.54118 0 19 
64.56118 0 19 
64.58118 0 19 
64.60117 0 19 
64.62117 0 19 
64.64117 0 19 
64.66116 0 19 
64.68116 0 19 
64.70116 0 19 
64.72115 0 19 
64.74115 0 19 
64.76115 0 19 
64.78114 0 19 
64.80114 0 19 
64.82114 0 19 
64.84113 0 19 
64.86113 0 19 
64.88113 0 19 
64.90112 0 19 
64.92112 0 19 
64.94112 0 19 
64.96111 0 19 
64.98111 0 19 
65.00111 0 19 
65.0211 0 19 
65.0411 0 19 
65.0611 0 19 
65.08109 0 19 
65.10109 0 19 
65.12109 0 19 
65.14108 0 19 
65.16108 0 19 
65.18108 0 19 
65.20107 0 19 
65.22107 0 19 
65.24107 0 19 
65.26106 0 19 
65.28106 0 19 
65.30106 0 19 
65.32105 0 19 
65.34105 0 19 
65.36105 0 19 
65.38104 0 19 
65.40104 0 19 
65.42104 0 19 
65.44103 0 19 
65.46103 0 19 
65.48103 0 19 
65.50102 0 19 
65.52102 0 19 
65.54102 0 19 
65.56101 0 19 
65.58101 0 19 
65.60101 0 19 
65.621 0 19 
65.641 0 19 
65.661 0 19 
65.68099 0 19 
65.70099 0 19 
65.72099 0 19 
65.74098 0 19 
65.76098 0 19 
65.78098 0 19 
65.80097 0 19 
65.82097 0 19 
65.84097 0 19 
65.86096 0 19 
65.88096 0 19 
65.90096 0 19 
65.92095 0 19 
65.94095 0 19 
65.96095 0 19 
65.98094 0 19 
66.00094 0 19 
66.02094 0 19 
66.04093 0 19 
66.06093 0 19 
66.08092 0 19 
66.10092 0 19 
66.12092 0 19 
66.14091 0 19 
66.16091 0 19 
66.18091 0 19 
66.2009 0 19 
66.2209 0 19 
66.2409 0 19 
66.26089 0 19 
66.28089 0 19 
66.30089 0 19 
66.32088 0 19 
66.34088 0 19 
66.36088 0 19 
66.38087 0 19 
66.40087 0 19 
66.42087 0 19 
66.44086 0 19 
66.46086 0 19 
66.48086 0 19 
66.50085 0 19 
66.52085 0 19 
66.54085 0 19 
66.56084 0 19 
66.58084 0 19 
66.60084 0 19 
66.62083 0 19 
66.64083 0 19 
66.66083 0 19 
66.68082 0 19 
66.70082 0 19 
66.72082 0 19 
66.74081 0 19 
66.76081 0 19 
66.78081 0 19 
66.8008 0 19 
66.8208 0 19 
66.8408 0 19 
66.86079 0 19 
66.88079 0 19 
66.90079 0 19 
66.92078 0 19 
66.94078 0 19 
66.96078 0 19 
66.98077 0 19 
67.00077 0 19 
67.02077 0 19 
67.04076 0 19 
67.06076 0 19 
67.08076 0 19 
67.10075 0 19 
67.12075 0 19 
67.14075 0 19 
67.16074 0 19 
67.18074 0 19 
67.20074 0 19 
67.22073 0 19 
67.24073 0 19 
67.26073 0 19 
67.28072 0 19 
67.30072 0 19 
67.32072 0 19 
67.34071 0 19 
67.36071 0 19 
67.38071 0 19 
67.4007 0 19 
67.4207 0 19 
67.4407 0 19 
67.46069 0 19 
67.48069 0 19 
67.50069 0 19 
67.52068 0 19 
67.54068 0 19 
67.56068 0 19 
67.58067 0 19 
67.60067 0 19 
67.62067 0 19 
67.64066 0 19 
67.66066 0 19 
67.68066 0 19 
67.70065 0 19 
67.72065 0 19 
67.74065 0 19 
67.76064 0 19 
67.78064 0 19 
67.80064 0 19 
67.82063 0 19 
67.84063 0 19 
67.86063 0 19 
67.88062 0 19 
67.90062 0 19 
67.92062 0 19 
67.94061 0 19 
67.96061 0 19 
67.98061 0 19 
68.0006 0 19 
68.0206 0 19 
68.0406 0 19 
68.06059 0 19 
68.08059 0 19 
68.10059 0 19 
68.12058 0 19 
68.14058 0 19 
68.16058 0 19 
68.18057 0 19 
68.20057 0 19 
68.22057 0 19 
68.24056 0 19 
68.26056 0 19 
68.28056 0 19 
68.30055 0 19 
68.32055 0 19 
68.34055 0 19 
68.36054 0 19 
68.38054 0 19 
68.40054 0 19 
68.42053 0 19 
68.44053 0 19 
68.46053 0 19 
68.48052 0 19 
68.50052 0 19 
68.52052 0 19 
68.54051 0 19 
68.56051 0 19 
68.58051 0 19 
68.6005 0 19 
68.6205 0 19 
68.6405 0 19 
68.66049 0 19 
68.68049 0 19 
68.70049 0 19 
68.72048 0 19 
68.74048 0 19 
68.76048 0 19 
68.78047 0 19 
68.80047 0 19 
68.82047 0 19 
68.84046 0 19 
68.86046 0 19 
68.88046 0 19 
68.90045 0 19 
68.92045 0 19 
68.94044 0 19 
68.96044 0 19 
68.98044 0 19 
69.00043 0 19 
69.02043 0 19 
69.04043 0 19 
69.06042 0 19 
69.08042 0 19 
69.10042 0 19 
69.12041 0 19 
69.14041 0 19 
69.16041 0 19 
69.1804 0 19 
69