0.02 0.98 0 
0.04 1.96 0 
0.06 2.94 0 
0.08 3.92 0 
0.09999999 4.9 0 
0.12 5.88 0 
0.14 5.88 0 
0.16 5.88 0 
0.18 5.88 0 
0.2 5.88 0 
0.22 5.879991 0.1 
0.24 5.879965 0.2 
0.26 5.87992 0.3 
0.28 5.879857 0.4 
0.3 5.879776 0.5 
0.32 5.879678 0.6 
0.34 5.879561 0.7 
0.36 5.879427 0.8000001 
0.38 5.879275 0.9000001 
0.4 5.879104 1 
0.42 5.878916 1.1 
0.4400001 5.87871 1.2 
0.4600001 5.878487 1.3 
0.4800001 5.878244 1.4 
0.5000001 5.877985 1.5 
0.52 5.877707 1.6 
0.54 5.877412 1.7 
0.56 5.877098 1.8 
0.58 5.876767 1.9 
0.6 5.876418 2 
0.6199999 5.87605 2.1 
0.6399999 5.875666 2.2 
0.6599999 5.875263 2.3 
0.6799999 5.874842 2.4 
0.6999999 5.874403 2.5 
0.7199998 5.873946 2.6 
0.7399998 5.873472 2.7 
0.7599998 5.872979 2.799999 
0.7799998 5.872979 2.799999 
0.7999998 5.872979 2.799999 
0.8199998 5.872979 2.799999 
0.8399997 6.85181 2.799999 
0.8599997 7.830639 2.799999 
0.8799997 8.809469 2.799999 
0.8999997 9.788299 2.799999 
0.9199997 10.76713 2.799999 
0.9399996 11.74596 2.799999 
0.9599996 12.72479 2.799999 
0.9799996 13.70362 2.799999 
0.9999996 14.68245 2.799999 
1.02 15.66128 2.799999 
1.04 16.64011 2.799999 
1.06 17.61894 2.799999 
1.08 18.59777 2.799999 
1.1 18.59777 2.799999 
1.12 18.59777 2.799999 
1.14 18.59615 2.899999 
1.159999 18.59448 2.999999 
1.179999 18.59275 3.099999 
1.199999 18.59096 3.199999 
1.219999 18.58912 3.299999 
1.239999 18.58722 3.399999 
1.259999 18.58527 3.499999 
1.279999 18.58326 3.599999 
1.299999 18.58119 3.699999 
1.319999 18.57906 3.799999 
1.339999 18.57688 3.899998 
1.359999 18.57464 3.999998 
1.379999 18.57234 4.099998 
1.399999 18.56999 4.199998 
1.419999 18.56758 4.299998 
1.439999 18.56512 4.399998 
1.459999 18.56512 4.399998 
1.479999 18.56512 4.399998 
1.499999 18.56512 4.399998 
1.519999 18.56512 4.399998 
1.539999 18.56512 4.399998 
1.559999 18.56512 4.399998 
1.579999 18.56512 4.399998 
1.599999 18.56512 4.399998 
1.619999 18.56512 4.399998 
1.639999 18.56512 4.399998 
1.659999 18.56512 4.399998 
1.679999 18.56512 4.399998 
1.699999 18.56512 4.399998 
1.719999 0 4.399998 
1.739999 0 4.399998 
1.759999 0 4.399998 
1.779999 0 4.399998 
1.799999 0 4.399998 
1.819999 0 4.399998 
1.839999 0 4.399998 
1.859999 0 4.399998 
1.879999 0 4.399998 
1.899999 0 4.399998 
1.919999 0 4.399998 
1.939999 0 4.399998 
1.959999 0 4.399998 
1.979999 0 4.399998 
1.999999 0 4.399998 
2.019999 0 4.399998 
2.039999 0 4.399998 
2.059999 0 4.399998 
2.079999 0 4.399998 
2.099999 0 4.399998 
2.119999 0 4.399998 
2.139999 0 4.399998 
2.159999 0 4.399998 
2.179999 0 4.399998 
2.199999 0 4.399998 
2.219999 0 4.399998 
2.239999 0 4.399998 
2.259999 0 4.399998 
2.279999 0 4.399998 
2.299999 0 4.399998 
2.319999 0 4.399998 
2.339998 0 4.399998 
2.359998 0 4.399998 
2.379998 0 4.399998 
2.399998 0 4.399998 
2.419998 0 4.399998 
2.439998 0 4.399998 
2.459998 0 4.399998 
2.479998 0 4.399998 
2.499998 0 4.399998 
2.519998 0 4.399998 
2.539998 0 4.399998 
2.559998 0 4.399998 
2.579998 0 4.399998 
2.599998 0 4.399998 
2.619998 0 4.399998 
2.639998 0 4.399998 
2.659998 0 4.399998 
2.679998 0 4.399998 
2.699998 0 4.399998 
2.719998 0 4.399998 
2.739998 0 4.399998 
2.759998 0 4.399998 
2.779998 0 4.399998 
2.799998 0 4.399998 
2.819998 0 4.399998 
2.839998 0 4.399998 
2.859998 0 4.399998 
2.879998 0 4.399998 
2.899998 0 4.399998 
2.919998 0 4.399998 
2.939998 0 4.399998 
2.959998 0 4.399998 
2.979998 0 4.399998 
2.999998 0 4.399998 
3.019998 0 4.399998 
3.039998 0 4.399998 
3.059998 0 4.399998 
3.079998 0 4.399998 
3.099998 0 4.399998 
3.119998 0 4.399998 
3.139998 0 4.399998 
3.159998 0 4.399998 
3.179998 0 4.399998 
3.199998 0 4.399998 
3.219998 0 4.399998 
3.239998 0 4.399998 
3.259998 0 4.399998 
3.279998 0 4.399998 
3.299998 0 4.399998 
3.319998 0 4.399998 
3.339998 0 4.399998 
3.359998 0 4.399998 
3.379997 0 4.399998 
3.399997 0 4.399998 
3.419997 0 4.399998 
3.439997 0 4.399998 
3.459997 0 4.399998 
3.479997 0 4.399998 
3.499997 0 4.399998 
3.519997 0 4.399998 
3.539997 0 4.399998 
3.559997 0 4.399998 
3.579997 0 4.399998 
3.599997 0 4.399998 
3.619997 0 4.399998 
3.639997 0 4.399998 
3.659997 0 4.399998 
3.679997 0 4.399998 
3.699997 0 4.399998 
3.719997 0 4.399998 
3.739997 0 4.399998 
3.759997 0 4.399998 
3.779997 0 4.399998 
3.799997 0 4.399998 
3.819997 0 4.399998 
3.839997 0 4.399998 
3.859997 0 4.399998 
3.879997 0 4.399998 
3.899997 0 4.399998 
3.919997 0 4.399998 
3.939997 0 4.399998 
3.959997 0 4.399998 
3.979997 0 4.399998 
3.999997 0 4.399998 
4.019997 0 4.399998 
4.039997 0 4.399998 
4.059997 0 4.399998 
4.079997 0 4.399998 
4.099997 0 4.399998 
4.119997 0 4.399998 
4.139997 0 4.399998 
4.159997 0 4.399998 
4.179997 0 4.399998 
4.199997 0 4.399998 
4.219997 0 4.399998 
4.239997 0 4.399998 
4.259997 0 4.399998 
4.279997 0 4.399998 
4.299997 0 4.399998 
4.319997 0 4.399998 
4.339997 0 4.399998 
4.359997 0 4.399998 
4.379997 0 4.399998 
4.399997 0 4.399998 
4.419997 0 4.399998 
4.439997 0 4.399998 
4.459997 0 4.399998 
4.479997 0 4.399998 
4.499997 0 4.399998 
4.519997 0 4.399998 
4.539997 0 4.399998 
4.559997 0 4.399998 
4.579997 0 4.399998 
4.599997 0 4.399998 
4.619997 0 4.399998 
4.639997 0 4.399998 
4.659997 0 4.399998 
4.679996 0 4.399998 
4.699996 0 4.399998 
4.719996 0 4.399998 
4.739996 0 4.399998 
4.759996 0 4.399998 
4.779996 0 4.399998 
4.799996 0 4.399998 
4.819996 0 4.399998 
4.839996 0 4.399998 
4.859996 0 4.399998 
4.879996 0 4.399998 
4.899996 0 4.399998 
4.919996 0 4.399998 
4.939996 0 4.399998 
4.959996 0 4.399998 
4.979996 0 4.399998 
4.999996 0 4.399998 
5.019996 0 4.399998 
5.039996 0 4.399998 
5.059996 0 4.399998 
5.079996 0 4.399998 
5.099996 0 4.399998 
5.119996 0 4.399998 
5.139996 0 4.399998 
5.159996 0 4.399998 
5.179996 0 4.399998 
5.199996 0 4.399998 
5.219996 0 4.399998 
5.239996 0 4.399998 
5.259996 0 4.399998 
5.279996 0 4.399998 
5.299996 0 4.399998 
5.319996 0 4.399998 
5.339996 0 4.399998 
5.359996 0 4.399998 
5.379996 0 4.399998 
5.399996 0 4.399998 
5.419996 0 4.399998 
5.439996 0 4.399998 
5.459996 0 4.399998 
5.479996 0 4.399998 
5.499996 0 4.399998 
5.519996 0 4.399998 
5.539996 0 4.399998 
5.559996 0 4.399998 
5.579996 0 4.399998 
5.599996 0 4.399998 
5.619996 0 4.399998 
5.639996 0 4.399998 
5.659996 0 4.399998 
5.679996 0 4.399998 
5.699996 0 4.399998 
5.719995 0 4.399998 
5.739995 0 4.399998 
5.759995 0 4.399998 
5.779995 0 4.399998 
5.799995 0 4.399998 
5.819995 0 4.399998 
5.839995 0 4.399998 
5.859995 0 4.399998 
5.879995 0 4.399998 
5.899995 0 4.399998 
5.919995 0 4.399998 
5.939995 0 4.399998 
5.959995 0 4.399998 
5.979995 0 4.399998 
5.999995 0 4.399998 
6.019995 0 4.399998 
6.039995 0 4.399998 
6.059995 0 4.399998 
6.079995 0 4.399998 
6.099995 0 4.399998 
6.119995 0 4.399998 
6.139995 0 4.399998 
6.159995 0 4.399998 
6.179995 0 4.399998 
6.199995 0 4.399998 
6.219995 0 4.399998 
6.239995 0 4.399998 
6.259995 0 4.399998 
6.279995 0 4.399998 
6.299995 0 4.399998 
6.319995 0 4.399998 
6.339995 0 4.399998 
6.359995 0 4.399998 
6.379995 0 4.399998 
6.399995 0 4.399998 
6.419995 0 4.399998 
6.439995 0 4.399998 
6.459995 0 4.399998 
6.479995 0 4.399998 
6.499995 0 4.399998 
6.519995 0 4.399998 
6.539995 0 4.399998 
6.559995 0 4.399998 
6.579995 0 4.399998 
6.599995 0 4.399998 
6.619995 0 4.399998 
6.639995 0 4.399998 
6.659995 0 4.399998 
6.679995 0 4.399998 
6.699995 0 4.399998 
6.719995 0 4.399998 
6.739995 0 4.399998 
6.759995 0 4.399998 
6.779994 0 4.399998 
6.799994 0 4.399998 
6.819994 0 4.399998 
6.839994 0 4.399998 
6.859994 0 4.399998 
6.879994 0 4.399998 
6.899994 0 4.399998 
6.919994 0 4.399998 
6.939994 0 4.399998 
6.959994 0 4.399998 
6.979994 0 4.399998 
6.999994 0 4.399998 
7.019994 0 4.399998 
7.039994 0 4.399998 
7.059994 0 4.399998 
7.079994 0 4.399998 
7.099994 0 4.399998 
7.119994 0 4.399998 
7.139994 0 4.399998 
7.159994 0 4.399998 
7.179994 0 4.399998 
7.199994 0 4.399998 
7.219994 0 4.399998 
7.239994 0 4.399998 
7.259994 0 4.399998 
7.279994 0 4.399998 
7.299994 0 4.399998 
7.319994 0 4.399998 
7.339994 0 4.399998 
7.359994 0 4.399998 
7.379994 0 4.399998 
7.399994 0 4.399998 
7.419994 0 4.399998 
7.439994 0 4.399998 
7.459994 0 4.399998 
7.479994 0 4.399998 
7.499994 0 4.399998 
7.519994 0 4.399998 
7.539994 0 4.399998 
7.559994 0 4.399998 
7.579994 0 4.399998 
7.599994 0 4.399998 
7.619994 0 4.399998 
7.639994 0 4.399998 
7.659994 0 4.399998 
7.679994 0 4.399998 
7.699994 0 4.399998 
7.719994 0 4.399998 
7.739994 0 4.399998 
7.759994 0 4.399998 
7.779994 0 4.399998 
7.799994 0 4.399998 
7.819993 0 4.399998 
7.839993 0 4.399998 
7.859993 0 4.399998 
7.879993 0 4.399998 
7.899993 0 4.399998 
7.919993 0 4.399998 
7.939993 0 4.399998 
7.959993 0 4.399998 
7.979993 0 4.399998 
7.999993 0 4.399998 
8.019994 0 4.399998 
8.039994 0 4.399998 
8.059995 0 4.399998 
8.079995 0 4.399998 
8.099996 0 4.399998 
8.119996 0 4.399998 
8.139997 0 4.399998 
8.159997 0 4.399